# x y error
-1.0000000000e+00 -1.0000000000e+00 0.0000000000e+00
-1.0000000000e+00 -9.5000000000e-01 0.0000000000e+00
-1.0000000000e+00 -9.0000000000e-01 0.0000000000e+00
-1.0000000000e+00 -8.5000000000e-01 0.0000000000e+00
-1.0000000000e+00 -8.0000000000e-01 0.0000000000e+00
-1.0000000000e+00 -7.5000000000e-01 0.0000000000e+00
-1.0000000000e+00 -7.0000000000e-01 0.0000000000e+00
-1.0000000000e+00 -6.5000000000e-01 0.0000000000e+00
-1.0000000000e+00 -6.0000000000e-01 0.0000000000e+00
-1.0000000000e+00 -5.5000000000e-01 0.0000000000e+00
-1.0000000000e+00 -5.0000000000e-01 0.0000000000e+00
-1.0000000000e+00 -4.5000000000e-01 0.0000000000e+00
-1.0000000000e+00 -4.0000000000e-01 0.0000000000e+00
-1.0000000000e+00 -3.5000000000e-01 0.0000000000e+00
-1.0000000000e+00 -3.0000000000e-01 0.0000000000e+00
-1.0000000000e+00 -2.5000000000e-01 0.0000000000e+00
-1.0000000000e+00 -2.0000000000e-01 0.0000000000e+00
-1.0000000000e+00 -1.5000000000e-01 0.0000000000e+00
-1.0000000000e+00 -1.0000000000e-01 0.0000000000e+00
-1.0000000000e+00 -5.0000000000e-02 0.0000000000e+00
-1.0000000000e+00 0.0000000000e+00 0.0000000000e+00
-1.0000000000e+00 5.0000000000e-02 0.0000000000e+00
-1.0000000000e+00 1.0000000000e-01 0.0000000000e+00
-1.0000000000e+00 1.5000000000e-01 0.0000000000e+00
-1.0000000000e+00 2.0000000000e-01 0.0000000000e+00
-1.0000000000e+00 2.5000000000e-01 0.0000000000e+00
-1.0000000000e+00 3.0000000000e-01 0.0000000000e+00
-1.0000000000e+00 3.5000000000e-01 0.0000000000e+00
-1.0000000000e+00 4.0000000000e-01 0.0000000000e+00
-1.0000000000e+00 4.5000000000e-01 0.0000000000e+00
-1.0000000000e+00 5.0000000000e-01 0.0000000000e+00
-1.0000000000e+00 5.5000000000e-01 0.0000000000e+00
-1.0000000000e+00 6.0000000000e-01 0.0000000000e+00
-1.0000000000e+00 6.5000000000e-01 0.0000000000e+00
-1.0000000000e+00 7.0000000000e-01 0.0000000000e+00
-1.0000000000e+00 7.5000000000e-01 0.0000000000e+00
-1.0000000000e+00 8.0000000000e-01 0.0000000000e+00
-1.0000000000e+00 8.5000000000e-01 0.0000000000e+00
-1.0000000000e+00 9.0000000000e-01 0.0000000000e+00
-1.0000000000e+00 9.5000000000e-01 0.0000000000e+00
-1.0000000000e+00 1.0000000000e+00 0.0000000000e+00
-9.5000000000e-01 -1.0000000000e+00 0.0000000000e+00
-9.5000000000e-01 -9.5000000000e-01 1.0622751984e-05
-9.5000000000e-01 -9.0000000000e-01 1.6967175907e-05
-9.5000000000e-01 -8.5000000000e-01 2.0527047392e-05
-9.5000000000e-01 -8.0000000000e-01 2.2007820075e-05
-9.5000000000e-01 -7.5000000000e-01 2.1811641592e-05
-9.5000000000e-01 -7.0000000000e-01 2.0212997638e-05
-9.5000000000e-01 -6.5000000000e-01 1.7431399379e-05
-9.5000000000e-01 -6.0000000000e-01 1.3664518211e-05
-9.5000000000e-01 -5.5000000000e-01 9.1040096918e-06
-9.5000000000e-01 -5.0000000000e-01 3.9427793718e-06
-9.5000000000e-01 -4.5000000000e-01 1.6227966815e-06
-9.5000000000e-01 -4.0000000000e-01 7.3936012006e-06
-9.5000000000e-01 -3.5000000000e-01 1.3170474703e-05
-9.5000000000e-01 -3.0000000000e-01 1.8758229978e-05
-9.5000000000e-01 -2.5000000000e-01 2.3970380772e-05
-9.5000000000e-01 -2.0000000000e-01 2.8634220680e-05
-9.5000000000e-01 -1.5000000000e-01 3.2595910825e-05
-9.5000000000e-01 -1.0000000000e-01 3.5725167987e-05
-9.5000000000e-01 -5.0000000000e-02 3.7919741216e-05
-9.5000000000e-01 0.0000000000e+00 3.9108500885e-05
-9.5000000000e-01 5.0000000000e-02 3.9254149900e-05
-9.5000000000e-01 1.0000000000e-01 3.8354691884e-05
-9.5000000000e-01 1.5000000000e-01 3.6443522392e-05
-9.5000000000e-01 2.0000000000e-01 3.3588602875e-05
-9.5000000000e-01 2.5000000000e-01 2.9890251752e-05
-9.5000000000e-01 3.0000000000e-01 2.5477938637e-05
-9.5000000000e-01 3.5000000000e-01 2.0506103330e-05
-9.5000000000e-01 4.0000000000e-01 1.5149324705e-05
-9.5000000000e-01 4.5000000000e-01 9.5971423482e-06
-9.5000000000e-01 5.0000000000e-01 4.0489493374e-06
-9.5000000000e-01 5.5000000000e-01 1.2905897607e-06
-9.5000000000e-01 6.0000000000e-01 6.2149665947e-06
-9.5000000000e-01 6.5000000000e-01 1.0517370859e-05
-9.5000000000e-01 7.0000000000e-01 1.3989175058e-05
-9.5000000000e-01 7.5000000000e-01 1.6413484213e-05
-9.5000000000e-01 8.0000000000e-01 1.7549908178e-05
-9.5000000000e-01 8.5000000000e-01 1.7101944576e-05
-9.5000000000e-01 9.0000000000e-01 1.4644817785e-05
-9.5000000000e-01 9.5000000000e-01 9.4498505841e-06
-9.5000000000e-01 1.0000000000e+00 0.0000000000e+00
-9.0000000000e-01 -1.0000000000e+00 0.0000000000e+00
-9.0000000000e-01 -9.5000000000e-01 1.7014037510e-05
-9.0000000000e-01 -9.0000000000e-01 2.7871134064e-05
-9.0000000000e-01 -8.5000000000e-01 3.4048760724e-05
-9.0000000000e-01 -8.0000000000e-01 3.6481099269e-05
-9.0000000000e-01 -7.5000000000e-01 3.5800692577e-05
-9.0000000000e-01 -7.0000000000e-01 3.2484336253e-05
-9.0000000000e-01 -6.5000000000e-01 2.6934018843e-05
-9.0000000000e-01 -6.0000000000e-01 1.9521164929e-05
-9.0000000000e-01 -5.5000000000e-01 1.0609775046e-05
-9.0000000000e-01 -5.0000000000e-01 5.6739612253e-07
-9.0000000000e-01 -4.5000000000e-01 1.0231626557e-05
-9.0000000000e-01 -4.0000000000e-01 2.1408024847e-05
-9.0000000000e-01 -3.5000000000e-01 3.2582861089e-05
-9.0000000000e-01 -3.0000000000e-01 4.3385056688e-05
-9.0000000000e-01 -2.5000000000e-01 5.3460222515e-05
-9.0000000000e-01 -2.0000000000e-01 6.2480135021e-05
-9.0000000000e-01 -1.5000000000e-01 7.0152100055e-05
-9.0000000000e-01 -1.0000000000e-01 7.6227985171e-05
-9.0000000000e-01 -5.0000000000e-02 8.0512070403e-05
-9.0000000000e-01 0.0000000000e+00 8.2867247758e-05
-9.0000000000e-01 5.0000000000e-02 8.3220202108e-05
-9.0000000000e-01 1.0000000000e-01 8.1563991741e-05
-9.0000000000e-01 1.5000000000e-01 7.7958749459e-05
-9.0000000000e-01 2.0000000000e-01 7.2530156660e-05
-9.0000000000e-01 2.5000000000e-01 6.5465616948e-05
-9.0000000000e-01 3.0000000000e-01 5.7008395409e-05
-9.0000000000e-01 3.5000000000e-01 4.7449948205e-05
-9.0000000000e-01 4.0000000000e-01 3.7120935752e-05
-9.0000000000e-01 4.5000000000e-01 2.6381527716e-05
-9.0000000000e-01 5.0000000000e-01 1.5611729893e-05
-9.0000000000e-01 5.5000000000e-01 5.2026143780e-06
-9.0000000000e-01 6.0000000000e-01 4.4504474667e-06
-9.0000000000e-01 6.5000000000e-01 1.2951266501e-05
-9.0000000000e-01 7.0000000000e-01 1.9901222950e-05
-9.0000000000e-01 7.5000000000e-01 2.4889809760e-05
-9.0000000000e-01 8.0000000000e-01 2.7472696286e-05
-9.0000000000e-01 8.5000000000e-01 2.7128707339e-05
-9.0000000000e-01 9.0000000000e-01 2.3179640428e-05
-9.0000000000e-01 9.5000000000e-01 1.4644818789e-05
-9.0000000000e-01 1.0000000000e+00 0.0000000000e+00
-8.5000000000e-01 -1.0000000000e+00 0.0000000000e+00
-8.5000000000e-01 -9.5000000000e-01 2.0714449385e-05
-8.5000000000e-01 -9.0000000000e-01 3.4283101211e-05
-8.5000000000e-01 -8.5000000000e-01 4.1933641767e-05
-8.5000000000e-01 -8.0000000000e-01 4.4595674698e-05
-8.5000000000e-01 -7.5000000000e-01 4.2990413116e-05
-8.5000000000e-01 -7.0000000000e-01 3.7715827157e-05
-8.5000000000e-01 -6.5000000000e-01 2.9307667610e-05
-8.5000000000e-01 -6.0000000000e-01 1.8278459090e-05
-8.5000000000e-01 -5.5000000000e-01 5.1396804504e-06
-8.5000000000e-01 -5.0000000000e-01 9.5877434447e-06
-8.5000000000e-01 -4.5000000000e-01 2.5371277264e-05
-8.5000000000e-01 -4.0000000000e-01 4.1670617199e-05
-8.5000000000e-01 -3.5000000000e-01 5.7945711103e-05
-8.5000000000e-01 -3.0000000000e-01 7.3667620054e-05
-8.5000000000e-01 -2.5000000000e-01 8.8331051032e-05
-8.5000000000e-01 -2.0000000000e-01 1.0146761684e-04
-8.5000000000e-01 -1.5000000000e-01 1.1265914316e-04
-8.5000000000e-01 -1.0000000000e-01 1.2155006694e-04
-8.5000000000e-01 -5.0000000000e-02 1.2785844076e-04
-8.5000000000e-01 0.0000000000e+00 1.3138508289e-04
-8.5000000000e-01 5.0000000000e-02 1.3202062785e-04
-8.5000000000e-01 1.0000000000e-01 1.2974967211e-04
-8.5000000000e-01 1.5000000000e-01 1.2465210167e-04
-8.5000000000e-01 2.0000000000e-01 1.1690133549e-04
-8.5000000000e-01 2.5000000000e-01 1.0675935418e-04
-8.5000000000e-01 3.0000000000e-01 9.4568755915e-05
-8.5000000000e-01 3.5000000000e-01 8.0742151130e-05
-8.5000000000e-01 4.0000000000e-01 6.5749533654e-05
-8.5000000000e-01 4.5000000000e-01 5.0104489197e-05
-8.5000000000e-01 5.0000000000e-01 3.4350211071e-05
-8.5000000000e-01 5.5000000000e-01 1.9046586926e-05
-8.5000000000e-01 6.0000000000e-01 4.7597176227e-06
-8.5000000000e-01 6.5000000000e-01 7.9445059082e-06
-8.5000000000e-01 7.0000000000e-01 1.8500826470e-05
-8.5000000000e-01 7.5000000000e-01 2.6336463040e-05
-8.5000000000e-01 8.0000000000e-01 3.0850855640e-05
-8.5000000000e-01 8.5000000000e-01 3.1378424635e-05
-8.5000000000e-01 9.0000000000e-01 2.7128707621e-05
-8.5000000000e-01 9.5000000000e-01 1.7101944995e-05
-8.5000000000e-01 1.0000000000e+00 0.0000000000e+00
-8.0000000000e-01 -1.0000000000e+00 0.0000000000e+00
-8.0000000000e-01 -9.5000000000e-01 2.2476280299e-05
-8.0000000000e-01 -9.0000000000e-01 3.7231045857e-05
-8.0000000000e-01 -8.5000000000e-01 4.5252413565e-05
-8.0000000000e-01 -8.0000000000e-01 4.7384370874e-05
-8.0000000000e-01 -7.5000000000e-01 4.4355724422e-05
-8.0000000000e-01 -7.0000000000e-01 3.6823914721e-05
-8.0000000000e-01 -6.5000000000e-01 2.5413909939e-05
-8.0000000000e-01 -6.0000000000e-01 1.0746193680e-05
-8.0000000000e-01 -5.5000000000e-01 6.5466307320e-06
-8.0000000000e-01 -5.0000000000e-01 2.5812795312e-05
-8.0000000000e-01 -4.5000000000e-01 4.6382016145e-05
-8.0000000000e-01 -4.0000000000e-01 6.7572211962e-05
-8.0000000000e-01 -3.5000000000e-01 8.8700589711e-05
-8.0000000000e-01 -3.0000000000e-01 1.0909776174e-04
-8.0000000000e-01 -2.5000000000e-01 1.2812365761e-04
-8.0000000000e-01 -2.0000000000e-01 1.4518424454e-04
-8.0000000000e-01 -1.5000000000e-01 1.5974798020e-04
-8.0000000000e-01 -1.0000000000e-01 1.7136113795e-04
-8.0000000000e-01 -5.0000000000e-02 1.7966178471e-04
-8.0000000000e-01 0.0000000000e+00 1.8439115781e-04
-8.0000000000e-01 5.0000000000e-02 1.8540283112e-04
-8.0000000000e-01 1.0000000000e-01 1.8266839671e-04
-8.0000000000e-01 1.5000000000e-01 1.7627980753e-04
-8.0000000000e-01 2.0000000000e-01 1.6644786673e-04
-8.0000000000e-01 2.5000000000e-01 1.5349668500e-04
-8.0000000000e-01 3.0000000000e-01 1.3785420956e-04
-8.0000000000e-01 3.5000000000e-01 1.2003918548e-04
-8.0000000000e-01 4.0000000000e-01 1.0064531275e-04
-8.0000000000e-01 4.5000000000e-01 8.0323581514e-05
-8.0000000000e-01 5.0000000000e-01 5.9764068992e-05
-8.0000000000e-01 5.5000000000e-01 3.9678667519e-05
-8.0000000000e-01 6.0000000000e-01 2.0786364642e-05
-8.0000000000e-01 6.5000000000e-01 3.8027815241e-06
-8.0000000000e-01 7.0000000000e-01 1.0564183933e-05
-8.0000000000e-01 7.5000000000e-01 2.1610616401e-05
-8.0000000000e-01 8.0000000000e-01 2.8622673584e-05
-8.0000000000e-01 8.5000000000e-01 3.0850856910e-05
-8.0000000000e-01 9.0000000000e-01 2.7472696336e-05
-8.0000000000e-01 9.5000000000e-01 1.7549908105e-05
-8.0000000000e-01 1.0000000000e+00 0.0000000000e+00
-7.5000000000e-01 -1.0000000000e+00 0.0000000000e+00
-7.5000000000e-01 -9.5000000000e-01 2.2748103694e-05
-7.5000000000e-01 -9.0000000000e-01 3.7440899386e-05
-7.5000000000e-01 -8.5000000000e-01 4.4867437743e-05
-7.5000000000e-01 -8.0000000000e-01 4.5765918925e-05
-7.5000000000e-01 -7.5000000000e-01 4.0832927423e-05
-7.5000000000e-01 -7.0000000000e-01 3.0745200585e-05
-7.5000000000e-01 -6.5000000000e-01 1.6182104532e-05
-7.5000000000e-01 -6.0000000000e-01 2.1571618811e-06
-7.5000000000e-01 -5.5000000000e-01 2.3543864045e-05
-7.5000000000e-01 -5.0000000000e-01 4.7217592936e-05
-7.5000000000e-01 -4.5000000000e-01 7.2390792451e-05
-7.5000000000e-01 -4.0000000000e-01 9.8258907649e-05
-7.5000000000e-01 -3.5000000000e-01 1.2401477378e-04
-7.5000000000e-01 -3.0000000000e-01 1.4886586272e-04
-7.5000000000e-01 -2.5000000000e-01 1.7205336564e-04
-7.5000000000e-01 -2.0000000000e-01 1.9287175582e-04
-7.5000000000e-01 -1.5000000000e-01 2.1068775792e-04
-7.5000000000e-01 -1.0000000000e-01 2.2495836306e-04
-7.5000000000e-01 -5.0000000000e-02 2.3524691299e-04
-7.5000000000e-01 0.0000000000e+00 2.4123661076e-04
-7.5000000000e-01 5.0000000000e-02 2.4274169087e-04
-7.5000000000e-01 1.0000000000e-01 2.3971488047e-04
-7.5000000000e-01 1.5000000000e-01 2.3225125377e-04
-7.5000000000e-01 2.0000000000e-01 2.2058763386e-04
-7.5000000000e-01 2.5000000000e-01 2.0509716081e-04
-7.5000000000e-01 3.0000000000e-01 1.8627895150e-04
-7.5000000000e-01 3.5000000000e-01 1.6474315651e-04
-7.5000000000e-01 4.0000000000e-01 1.4119221207e-04
-7.5000000000e-01 4.5000000000e-01 1.1639945289e-04
-7.5000000000e-01 5.0000000000e-01 9.1186607350e-05
-7.5000000000e-01 5.5000000000e-01 6.6401897688e-05
-7.5000000000e-01 6.0000000000e-01 4.2900510660e-05
-7.5000000000e-01 6.5000000000e-01 2.1529230501e-05
-7.5000000000e-01 7.0000000000e-01 3.1168784688e-06
-7.5000000000e-01 7.5000000000e-01 1.1527909666e-05
-7.5000000000e-01 8.0000000000e-01 2.1610616801e-05
-7.5000000000e-01 8.5000000000e-01 2.6336462049e-05
-7.5000000000e-01 9.0000000000e-01 2.4889807828e-05
-7.5000000000e-01 9.5000000000e-01 1.6413483038e-05
-7.5000000000e-01 1.0000000000e+00 0.0000000000e+00
-7.0000000000e-01 -1.0000000000e+00 0.0000000000e+00
-7.0000000000e-01 -9.5000000000e-01 2.1850137740e-05
-7.0000000000e-01 -9.0000000000e-01 3.5481633047e-05
-7.0000000000e-01 -8.5000000000e-01 4.1516763593e-05
-7.0000000000e-01 -8.0000000000e-01 4.0587697997e-05
-7.0000000000e-01 -7.5000000000e-01 3.3340723586e-05
-7.0000000000e-01 -7.0000000000e-01 2.0447276316e-05
-7.0000000000e-01 -6.5000000000e-01 2.6157544357e-06
-7.0000000000e-01 -6.0000000000e-01 1.9399969277e-05
-7.0000000000e-01 -5.5000000000e-01 4.4797447576e-05
-7.0000000000e-01 -5.0000000000e-01 7.2728680239e-05
-7.0000000000e-01 -4.5000000000e-01 1.0230892857e-04
-7.0000000000e-01 -4.0000000000e-01 1.3263052082e-04
-7.0000000000e-01 -3.5000000000e-01 1.6278051659e-04
-7.0000000000e-01 -3.0000000000e-01 1.9186105472e-04
-7.0000000000e-01 -2.5000000000e-01 2.1901105795e-04
-7.0000000000e-01 -2.0000000000e-01 2.4342797591e-04
-7.0000000000e-01 -1.5000000000e-01 2.6438894469e-04
-7.0000000000e-01 -1.0000000000e-01 2.8127043875e-04
-7.0000000000e-01 -5.0000000000e-02 2.9356595569e-04
-7.0000000000e-01 0.0000000000e+00 3.0090127017e-04
-7.0000000000e-01 5.0000000000e-02 3.0304753178e-04
-7.0000000000e-01 1.0000000000e-01 2.9993091537e-04
-7.0000000000e-01 1.5000000000e-01 2.9163871702e-04
-7.0000000000e-01 2.0000000000e-01 2.7842058245e-04
-7.0000000000e-01 2.5000000000e-01 2.6068418755e-04
-7.0000000000e-01 3.0000000000e-01 2.3898482169e-04
-7.0000000000e-01 3.5000000000e-01 2.1400910019e-04
-7.0000000000e-01 4.0000000000e-01 1.8655357727e-04
-7.0000000000e-01 4.5000000000e-01 1.5749968761e-04
-7.0000000000e-01 5.0000000000e-01 1.2778676909e-04
-7.0000000000e-01 5.5000000000e-01 9.8385177983e-05
-7.0000000000e-01 6.0000000000e-01 7.0271468314e-05
-7.0000000000e-01 6.5000000000e-01 4.4407481396e-05
-7.0000000000e-01 7.0000000000e-01 2.1724968959e-05
-7.0000000000e-01 7.5000000000e-01 3.1168784105e-06
-7.0000000000e-01 8.0000000000e-01 1.0564182210e-05
-7.0000000000e-01 8.5000000000e-01 1.8500822348e-05
-7.0000000000e-01 9.0000000000e-01 1.9901220649e-05
-7.0000000000e-01 9.5000000000e-01 1.3989174286e-05
-7.0000000000e-01 1.0000000000e+00 0.0000000000e+00
-6.5000000000e-01 -1.0000000000e+00 0.0000000000e+00
-6.5000000000e-01 -9.5000000000e-01 2.0046163303e-05
-6.5000000000e-01 -9.0000000000e-01 3.1844940477e-05
-6.5000000000e-01 -8.5000000000e-01 3.5873385942e-05
-6.5000000000e-01 -8.0000000000e-01 3.2662430298e-05
-6.5000000000e-01 -7.5000000000e-01 2.2800394183e-05
-6.5000000000e-01 -7.0000000000e-01 6.9385911676e-06
-6.5000000000e-01 -6.5000000000e-01 1.4203710354e-05
-6.5000000000e-01 -6.0000000000e-01 3.9837330917e-05
-6.5000000000e-01 -5.5000000000e-01 6.9105772383e-05
-6.5000000000e-01 -5.0000000000e-01 1.0109314593e-04
-6.5000000000e-01 -4.5000000000e-01 1.3483715067e-04
-6.5000000000e-01 -4.0000000000e-01 1.6934648407e-04
-6.5000000000e-01 -3.5000000000e-01 2.0362174884e-04
-6.5000000000e-01 -3.0000000000e-01 2.3667847011e-04
-6.5000000000e-01 -2.5000000000e-01 2.6757082952e-04
-6.5000000000e-01 -2.0000000000e-01 2.9541517119e-04
-6.5000000000e-01 -1.5000000000e-01 3.1941223214e-04
-6.5000000000e-01 -1.0000000000e-01 3.3886747387e-04
-6.5000000000e-01 -5.0000000000e-02 3.5320948099e-04
-6.5000000000e-01 0.0000000000e+00 3.6200633094e-04
-6.5000000000e-01 5.0000000000e-02 3.6498054434e-04
-6.5000000000e-01 1.0000000000e-01 3.6202147178e-04
-6.5000000000e-01 1.5000000000e-01 3.5319475017e-04
-6.5000000000e-01 2.0000000000e-01 3.3874683902e-04
-6.5000000000e-01 2.5000000000e-01 3.1910315971e-04
-6.5000000000e-01 3.0000000000e-01 2.9485868710e-04
-6.5000000000e-01 3.5000000000e-01 2.6676091999e-04
-6.5000000000e-01 4.0000000000e-01 2.3568610054e-04
-6.5000000000e-01 4.5000000000e-01 2.0261036333e-04
-6.5000000000e-01 5.0000000000e-01 1.6857798065e-04
-6.5000000000e-01 5.5000000000e-01 1.3466906696e-04
-6.5000000000e-01 6.0000000000e-01 1.0196899707e-04
-6.5000000000e-01 6.5000000000e-01 7.1541567250e-05
-6.5000000000e-01 7.0000000000e-01 4.4407478287e-05
-6.5000000000e-01 7.5000000000e-01 2.1529229485e-05
-6.5000000000e-01 8.0000000000e-01 3.8027845282e-06
-6.5000000000e-01 8.5000000000e-01 7.9445047056e-06
-6.5000000000e-01 9.0000000000e-01 1.2951267336e-05
-6.5000000000e-01 9.5000000000e-01 1.0517370208e-05
-6.5000000000e-01 1.0000000000e+00 0.0000000000e+00
-6.0000000000e-01 -1.0000000000e+00 0.0000000000e+00
-6.0000000000e-01 -9.5000000000e-01 1.7575462276e-05
-6.0000000000e-01 -9.0000000000e-01 2.6987086535e-05
-6.0000000000e-01 -8.5000000000e-01 2.8580987381e-05
-6.0000000000e-01 -8.0000000000e-01 2.2792469603e-05
-6.0000000000e-01 -7.5000000000e-01 1.0149108910e-05
-6.0000000000e-01 -7.0000000000e-01 8.7268965718e-06
-6.0000000000e-01 -6.5000000000e-01 3.3118548498e-05
-6.0000000000e-01 -6.0000000000e-01 6.2217060756e-05
-6.0000000000e-01 -5.5000000000e-01 9.5129263647e-05
-6.0000000000e-01 -5.0000000000e-01 1.3088987864e-04
-6.0000000000e-01 -4.5000000000e-01 1.6847836051e-04
-6.0000000000e-01 -4.0000000000e-01 2.0683977187e-04
-6.0000000000e-01 -3.5000000000e-01 2.4490860944e-04
-6.0000000000e-01 -3.0000000000e-01 2.8163396665e-04
-6.0000000000e-01 -2.5000000000e-01 3.1600495425e-04
-6.0000000000e-01 -2.0000000000e-01 3.4707495241e-04
-6.0000000000e-01 -1.5000000000e-01 3.7398365297e-04
-6.0000000000e-01 -1.0000000000e-01 3.9597671981e-04
-6.0000000000e-01 -5.0000000000e-02 4.1242347994e-04
-6.0000000000e-01 0.0000000000e+00 4.2283332148e-04
-6.0000000000e-01 5.0000000000e-02 4.2687219914e-04
-6.0000000000e-01 1.0000000000e-01 4.2437861932e-04
-6.0000000000e-01 1.5000000000e-01 4.1537828124e-04
-6.0000000000e-01 2.0000000000e-01 4.0009418275e-04
-6.0000000000e-01 2.5000000000e-01 3.7894928460e-04
-6.0000000000e-01 3.0000000000e-01 3.5255954110e-04
-6.0000000000e-01 3.5000000000e-01 3.2171683318e-04
-6.0000000000e-01 4.0000000000e-01 2.8736283420e-04
-6.0000000000e-01 4.5000000000e-01 2.5055602073e-04
-6.0000000000e-01 5.0000000000e-01 2.1243459057e-04
-6.0000000000e-01 5.5000000000e-01 1.7417818460e-04
-6.0000000000e-01 6.0000000000e-01 1.3697107056e-04
-6.0000000000e-01 6.5000000000e-01 1.0196899588e-04
-6.0000000000e-01 7.0000000000e-01 7.0271464830e-05
-6.0000000000e-01 7.5000000000e-01 4.2900511666e-05
-6.0000000000e-01 8.0000000000e-01 2.0786364464e-05
-6.0000000000e-01 8.5000000000e-01 4.7597166605e-06
-6.0000000000e-01 9.0000000000e-01 4.4504493917e-06
-6.0000000000e-01 9.5000000000e-01 6.2149681866e-06
-6.0000000000e-01 1.0000000000e+00 0.0000000000e+00
-5.5000000000e-01 -1.0000000000e+00 0.0000000000e+00
-5.5000000000e-01 -9.5000000000e-01 1.4667117915e-05
-5.5000000000e-01 -9.0000000000e-01 2.1349056086e-05
-5.5000000000e-01 -8.5000000000e-01 2.0271871644e-05
-5.5000000000e-01 -8.0000000000e-01 1.1781100063e-05
-5.5000000000e-01 -7.5000000000e-01 3.6564177843e-06
-5.5000000000e-01 -7.0000000000e-01 2.5453035510e-05
-5.5000000000e-01 -6.5000000000e-01 5.2903729642e-05
-5.5000000000e-01 -6.0000000000e-01 8.5193184183e-05
-5.5000000000e-01 -5.5000000000e-01 1.2140724038e-04
-5.5000000000e-01 -5.0000000000e-01 1.6054892157e-04
-5.5000000000e-01 -4.5000000000e-01 2.0155881831e-04
-5.5000000000e-01 -4.0000000000e-01 2.4333915613e-04
-5.5000000000e-01 -3.5000000000e-01 2.8478006348e-04
-5.5000000000e-01 -3.0000000000e-01 3.2478675852e-04
-5.5000000000e-01 -2.5000000000e-01 3.6230592064e-04
-5.5000000000e-01 -2.0000000000e-01 3.9634950936e-04
-5.5000000000e-01 -1.5000000000e-01 4.2601521735e-04
-5.5000000000e-01 -1.0000000000e-01 4.5050334749e-04
-5.5000000000e-01 -5.0000000000e-02 4.6913144759e-04
-5.5000000000e-01 0.0000000000e+00 4.8134870887e-04
-5.5000000000e-01 5.0000000000e-02 4.8675338976e-04
-5.5000000000e-01 1.0000000000e-01 4.8511358387e-04
-5.5000000000e-01 1.5000000000e-01 4.7639008770e-04
-5.5000000000e-01 2.0000000000e-01 4.6075579367e-04
-5.5000000000e-01 2.5000000000e-01 4.3860610093e-04
-5.5000000000e-01 3.0000000000e-01 4.1055630832e-04
-5.5000000000e-01 3.5000000000e-01 3.7742512922e-04
-5.5000000000e-01 4.0000000000e-01 3.4020587865e-04
-5.5000000000e-01 4.5000000000e-01 3.0002852876e-04
-5.5000000000e-01 5.0000000000e-01 2.5811636062e-04
-5.5000000000e-01 5.5000000000e-01 2.1574089509e-04
-5.5000000000e-01 6.0000000000e-01 1.7417818362e-04
-5.5000000000e-01 6.5000000000e-01 1.3466906293e-04
-5.5000000000e-01 7.0000000000e-01 9.8385174913e-05
-5.5000000000e-01 7.5000000000e-01 6.6401894122e-05
-5.5000000000e-01 8.0000000000e-01 3.9678663641e-05
-5.5000000000e-01 8.5000000000e-01 1.9046583056e-05
-5.5000000000e-01 9.0000000000e-01 5.2026087360e-06
-5.5000000000e-01 9.5000000000e-01 1.2905913689e-06
-5.5000000000e-01 1.0000000000e+00 0.0000000000e+00
-5.0000000000e-01 -1.0000000000e+00 0.0000000000e+00
-5.0000000000e-01 -9.5000000000e-01 1.1544991034e-05
-5.0000000000e-01 -9.0000000000e-01 1.5363302379e-05
-5.0000000000e-01 -8.5000000000e-01 1.1571478714e-05
-5.0000000000e-01 -8.0000000000e-01 4.3223212920e-07
-5.0000000000e-01 -7.5000000000e-01 1.7646216136e-05
-5.0000000000e-01 -7.0000000000e-01 4.2113590045e-05
-5.0000000000e-01 -6.5000000000e-01 7.2284231247e-05
-5.0000000000e-01 -6.0000000000e-01 1.0734759732e-04
-5.0000000000e-01 -5.5000000000e-01 1.4638309622e-04
-5.0000000000e-01 -5.0000000000e-01 1.8837937896e-04
-5.0000000000e-01 -4.5000000000e-01 2.3225793597e-04
-5.0000000000e-01 -4.0000000000e-01 2.7689992799e-04
-5.0000000000e-01 -3.5000000000e-01 3.2117490671e-04
-5.0000000000e-01 -3.0000000000e-01 3.6396971379e-04
-5.0000000000e-01 -2.5000000000e-01 4.0421511741e-04
-5.0000000000e-01 -2.0000000000e-01 4.4090833181e-04
-5.0000000000e-01 -1.5000000000e-01 4.7312985787e-04
-5.0000000000e-01 -1.0000000000e-01 5.0005460369e-04
-5.0000000000e-01 -5.0000000000e-02 5.2095954285e-04
-5.0000000000e-01 0.0000000000e+00 5.3523246284e-04
-5.0000000000e-01 5.0000000000e-02 5.4238836989e-04
-5.0000000000e-01 1.0000000000e-01 5.4209679583e-04
-5.0000000000e-01 1.5000000000e-01 5.3421820667e-04
-5.0000000000e-01 2.0000000000e-01 5.1883919768e-04
-5.0000000000e-01 2.5000000000e-01 4.9629567659e-04
-5.0000000000e-01 3.0000000000e-01 4.6717708738e-04
-5.0000000000e-01 3.5000000000e-01 4.3231070149e-04
-5.0000000000e-01 4.0000000000e-01 3.9272896280e-04
-5.0000000000e-01 4.5000000000e-01 3.4962492261e-04
-5.0000000000e-01 5.0000000000e-01 3.0430110186e-04
-5.0000000000e-01 5.5000000000e-01 2.5811635904e-04
-5.0000000000e-01 6.0000000000e-01 2.1243458570e-04
-5.0000000000e-01 6.5000000000e-01 1.6857797561e-04
-5.0000000000e-01 7.0000000000e-01 1.2778676297e-04
-5.0000000000e-01 7.5000000000e-01 9.1186601932e-05
-5.0000000000e-01 8.0000000000e-01 5.9764063272e-05
-5.0000000000e-01 8.5000000000e-01 3.4350205250e-05
-5.0000000000e-01 9.0000000000e-01 1.5611722733e-05
-5.0000000000e-01 9.5000000000e-01 4.0489458030e-06
-5.0000000000e-01 1.0000000000e+00 0.0000000000e+00
-4.5000000000e-01 -1.0000000000e+00 0.0000000000e+00
-4.5000000000e-01 -9.5000000000e-01 8.4270457835e-06
-4.5000000000e-01 -9.0000000000e-01 9.4512831845e-06
-4.5000000000e-01 -8.5000000000e-01 3.0924833700e-06
-4.5000000000e-01 -8.0000000000e-01 1.0460226425e-05
-4.5000000000e-01 -7.5000000000e-01 3.0852847151e-05
-4.5000000000e-01 -7.0000000000e-01 5.7573253836e-05
-4.5000000000e-01 -6.5000000000e-01 8.9960869842e-05
-4.5000000000e-01 -6.0000000000e-01 1.2722007839e-04
-4.5000000000e-01 -5.5000000000e-01 1.6843781826e-04
-4.5000000000e-01 -5.0000000000e-01 2.1260571427e-04
-4.5000000000e-01 -4.5000000000e-01 2.5864643236e-04
-4.5000000000e-01 -4.0000000000e-01 3.0544317959e-04
-4.5000000000e-01 -3.5000000000e-01 3.5187093607e-04
-4.5000000000e-01 -3.0000000000e-01 3.9682695442e-04
-4.5000000000e-01 -2.5000000000e-01 4.3925770799e-04
-4.5000000000e-01 -2.0000000000e-01 4.7817927427e-04
-4.5000000000e-01 -1.5000000000e-01 5.1268848071e-04
-4.5000000000e-01 -1.0000000000e-01 5.4196414194e-04
-4.5000000000e-01 -5.0000000000e-02 5.6526141500e-04
-4.5000000000e-01 0.0000000000e+00 5.8190756937e-04
-4.5000000000e-01 5.0000000000e-02 5.9131262117e-04
-4.5000000000e-01 1.0000000000e-01 5.9300547832e-04
-4.5000000000e-01 1.5000000000e-01 5.8669394449e-04
-4.5000000000e-01 2.0000000000e-01 5.7232755669e-04
-4.5000000000e-01 2.5000000000e-01 5.5014153246e-04
-4.5000000000e-01 3.0000000000e-01 5.2067054842e-04
-4.5000000000e-01 3.5000000000e-01 4.8473264317e-04
-4.5000000000e-01 4.0000000000e-01 4.4338982956e-04
-4.5000000000e-01 4.5000000000e-01 3.9789389604e-04
-4.5000000000e-01 5.0000000000e-01 3.4962492223e-04
-4.5000000000e-01 5.5000000000e-01 3.0002852353e-04
-4.5000000000e-01 6.0000000000e-01 2.5055601596e-04
-4.5000000000e-01 6.5000000000e-01 2.0261035677e-04
-4.5000000000e-01 7.0000000000e-01 1.5749968005e-04
-4.5000000000e-01 7.5000000000e-01 1.1639944488e-04
-4.5000000000e-01 8.0000000000e-01 8.0323573773e-05
-4.5000000000e-01 8.5000000000e-01 5.0104480310e-05
-4.5000000000e-01 9.0000000000e-01 2.6381518240e-05
-4.5000000000e-01 9.5000000000e-01 9.5971376632e-06
-4.5000000000e-01 1.0000000000e+00 0.0000000000e+00
-4.0000000000e-01 -1.0000000000e+00 0.0000000000e+00
-4.0000000000e-01 -9.5000000000e-01 5.5206765479e-06
-4.0000000000e-01 -9.0000000000e-01 4.0140892648e-06
-4.0000000000e-01 -8.5000000000e-01 4.5794779837e-06
-4.0000000000e-01 -8.0000000000e-01 2.0131771004e-05
-4.0000000000e-01 -7.5000000000e-01 4.2335992290e-05
-4.0000000000e-01 -7.0000000000e-01 7.0717120254e-05
-4.0000000000e-01 -6.5000000000e-01 1.0464425455e-04
-4.0000000000e-01 -6.0000000000e-01 1.4334624825e-04
-4.0000000000e-01 -5.5000000000e-01 1.8593144398e-04
-4.0000000000e-01 -5.0000000000e-01 2.3141203047e-04
-4.0000000000e-01 -4.5000000000e-01 2.7873279759e-04
-4.0000000000e-01 -4.0000000000e-01 3.2680335721e-04
-4.0000000000e-01 -3.5000000000e-01 3.7453205775e-04
-4.0000000000e-01 -3.0000000000e-01 4.2085881410e-04
-4.0000000000e-01 -2.5000000000e-01 4.6478310067e-04
-4.0000000000e-01 -2.0000000000e-01 5.0538238260e-04
-4.0000000000e-01 -1.5000000000e-01 5.4181610319e-04
-4.0000000000e-01 -1.0000000000e-01 5.7331195426e-04
-4.0000000000e-01 -5.0000000000e-02 5.9913677306e-04
-4.0000000000e-01 0.0000000000e+00 6.1856497279e-04
-4.0000000000e-01 5.0000000000e-02 6.3087143775e-04
-4.0000000000e-01 1.0000000000e-01 6.3537842154e-04
-4.0000000000e-01 1.5000000000e-01 6.3155999906e-04
-4.0000000000e-01 2.0000000000e-01 6.1915536777e-04
-4.0000000000e-01 2.5000000000e-01 5.9824596514e-04
-4.0000000000e-01 3.0000000000e-01 5.6928029697e-04
-4.0000000000e-01 3.5000000000e-01 5.3305283221e-04
-4.0000000000e-01 4.0000000000e-01 4.9065176911e-04
-4.0000000000e-01 4.5000000000e-01 4.4338982982e-04
-4.0000000000e-01 5.0000000000e-01 3.9272895811e-04
-4.0000000000e-01 5.5000000000e-01 3.4020587389e-04
-4.0000000000e-01 6.0000000000e-01 2.8736282868e-04
-4.0000000000e-01 6.5000000000e-01 2.3568609160e-04
-4.0000000000e-01 7.0000000000e-01 1.8655356677e-04
-4.0000000000e-01 7.5000000000e-01 1.4119220150e-04
-4.0000000000e-01 8.0000000000e-01 1.0064530158e-04
-4.0000000000e-01 8.5000000000e-01 6.5749521972e-05
-4.0000000000e-01 9.0000000000e-01 3.7120923695e-05
-4.0000000000e-01 9.5000000000e-01 1.5149319444e-05
-4.0000000000e-01 1.0000000000e+00 0.0000000000e+00
-3.5000000000e-01 -1.0000000000e+00 0.0000000000e+00
-3.5000000000e-01 -9.5000000000e-01 3.0146872417e-06
-3.5000000000e-01 -9.0000000000e-01 5.8275243986e-07
-3.5000000000e-01 -8.5000000000e-01 1.0907460955e-05
-3.5000000000e-01 -8.0000000000e-01 2.7874648849e-05
-3.5000000000e-01 -7.5000000000e-01 5.1214889595e-05
-3.5000000000e-01 -7.0000000000e-01 8.0487759646e-05
-3.5000000000e-01 -6.5000000000e-01 1.1509606052e-04
-3.5000000000e-01 -6.0000000000e-01 1.5430269322e-04
-3.5000000000e-01 -5.5000000000e-01 1.9725161205e-04
-3.5000000000e-01 -5.0000000000e-01 2.4299365515e-04
-3.5000000000e-01 -4.5000000000e-01 2.9051731022e-04
-3.5000000000e-01 -4.0000000000e-01 3.3878364020e-04
-3.5000000000e-01 -3.5000000000e-01 3.8676353601e-04
-3.5000000000e-01 -3.0000000000e-01 4.3347434381e-04
-3.5000000000e-01 -2.5000000000e-01 4.7801110712e-04
-3.5000000000e-01 -2.0000000000e-01 5.1956553822e-04
-3.5000000000e-01 -1.5000000000e-01 5.5742365874e-04
-3.5000000000e-01 -1.0000000000e-01 5.9093269812e-04
-3.5000000000e-01 -5.0000000000e-02 6.1943367496e-04
-3.5000000000e-01 0.0000000000e+00 6.4217459315e-04
-3.5000000000e-01 5.0000000000e-02 6.5825467329e-04
-3.5000000000e-01 1.0000000000e-01 6.6667864551e-04
-3.5000000000e-01 1.5000000000e-01 6.6655433081e-04
-3.5000000000e-01 2.0000000000e-01 6.5730244634e-04
-3.5000000000e-01 2.5000000000e-01 6.3878428651e-04
-3.5000000000e-01 3.0000000000e-01 6.1133301896e-04
-3.5000000000e-01 3.5000000000e-01 5.7571504262e-04
-3.5000000000e-01 4.0000000000e-01 5.3305283344e-04
-3.5000000000e-01 4.5000000000e-01 4.8473263990e-04
-3.5000000000e-01 5.0000000000e-01 4.3231069846e-04
-3.5000000000e-01 5.5000000000e-01 3.7742512517e-04
-3.5000000000e-01 6.0000000000e-01 3.2171682500e-04
-3.5000000000e-01 6.5000000000e-01 2.6676090711e-04
-3.5000000000e-01 7.0000000000e-01 2.1400908694e-04
-3.5000000000e-01 7.5000000000e-01 1.6474314205e-04
-3.5000000000e-01 8.0000000000e-01 1.2003917341e-04
-3.5000000000e-01 8.5000000000e-01 8.0742139288e-05
-3.5000000000e-01 9.0000000000e-01 4.7449937925e-05
-3.5000000000e-01 9.5000000000e-01 2.0506100972e-05
-3.5000000000e-01 1.0000000000e+00 0.0000000000e+00
-3.0000000000e-01 -1.0000000000e+00 0.0000000000e+00
-3.0000000000e-01 -9.5000000000e-01 1.0680359073e-06
-3.0000000000e-01 -9.0000000000e-01 4.0301526445e-06
-3.0000000000e-01 -8.5000000000e-01 1.5431778888e-05
-3.0000000000e-01 -8.0000000000e-01 3.3072566119e-05
-3.0000000000e-01 -7.5000000000e-01 5.6707995794e-05
-3.0000000000e-01 -7.0000000000e-01 8.5929041540e-05
-3.0000000000e-01 -6.5000000000e-01 1.2017656685e-04
-3.0000000000e-01 -6.0000000000e-01 1.5875793853e-04
-3.0000000000e-01 -5.5000000000e-01 2.0086785865e-04
-3.0000000000e-01 -5.0000000000e-01 2.4561466544e-04
-3.0000000000e-01 -4.5000000000e-01 2.9205249599e-04
-3.0000000000e-01 -4.0000000000e-01 3.3921876562e-04
-3.0000000000e-01 -3.5000000000e-01 3.8617563446e-04
-3.0000000000e-01 -3.0000000000e-01 4.3205267914e-04
-3.0000000000e-01 -2.5000000000e-01 4.7608572856e-04
-3.0000000000e-01 -2.0000000000e-01 5.1764282646e-04
-3.0000000000e-01 -1.5000000000e-01 5.5622246189e-04
-3.0000000000e-01 -1.0000000000e-01 5.9140249097e-04
-3.0000000000e-01 -5.0000000000e-02 6.2271739823e-04
-3.0000000000e-01 0.0000000000e+00 6.4946485129e-04
-3.0000000000e-01 5.0000000000e-02 6.7052079177e-04
-3.0000000000e-01 1.0000000000e-01 6.8436811845e-04
-3.0000000000e-01 1.5000000000e-01 6.8951840039e-04
-3.0000000000e-01 2.0000000000e-01 6.8491362505e-04
-3.0000000000e-01 2.5000000000e-01 6.7011997689e-04
-3.0000000000e-01 3.0000000000e-01 6.4534122009e-04
-3.0000000000e-01 3.5000000000e-01 6.1133302011e-04
-3.0000000000e-01 4.0000000000e-01 5.6928029379e-04
-3.0000000000e-01 4.5000000000e-01 5.2067054809e-04
-3.0000000000e-01 5.0000000000e-01 4.6717708555e-04
-3.0000000000e-01 5.5000000000e-01 4.1055630346e-04
-3.0000000000e-01 6.0000000000e-01 3.5255953006e-04
-3.0000000000e-01 6.5000000000e-01 2.9485867335e-04
-3.0000000000e-01 7.0000000000e-01 2.3898480808e-04
-3.0000000000e-01 7.5000000000e-01 1.8627893781e-04
-3.0000000000e-01 8.0000000000e-01 1.3785420148e-04
-3.0000000000e-01 8.5000000000e-01 9.4568749484e-05
-3.0000000000e-01 9.0000000000e-01 5.7008391091e-05
-3.0000000000e-01 9.5000000000e-01 2.5477939126e-05
-3.0000000000e-01 1.0000000000e+00 0.0000000000e+00
-2.5000000000e-01 -1.0000000000e+00 0.0000000000e+00
-2.5000000000e-01 -9.5000000000e-01 2.0537917433e-07
-2.5000000000e-01 -9.0000000000e-01 6.1028148808e-06
-2.5000000000e-01 -8.5000000000e-01 1.7806018245e-05
-2.5000000000e-01 -8.0000000000e-01 3.5242566648e-05
-2.5000000000e-01 -7.5000000000e-01 5.8179049594e-05
-2.5000000000e-01 -7.0000000000e-01 8.6235468945e-05
-2.5000000000e-01 -6.5000000000e-01 1.1889691582e-04
-2.5000000000e-01 -6.0000000000e-01 1.5552759454e-04
-2.5000000000e-01 -5.5000000000e-01 1.9538983555e-04
-2.5000000000e-01 -5.0000000000e-01 2.3766953268e-04
-2.5000000000e-01 -4.5000000000e-01 2.8150860295e-04
-2.5000000000e-01 -4.0000000000e-01 3.2604449514e-04
-2.5000000000e-01 -3.5000000000e-01 3.7045631809e-04
-2.5000000000e-01 -3.0000000000e-01 4.1401612841e-04
-2.5000000000e-01 -2.5000000000e-01 4.5614163168e-04
-2.5000000000e-01 -2.0000000000e-01 4.9644134756e-04
-2.5000000000e-01 -1.5000000000e-01 5.3473242942e-04
-2.5000000000e-01 -1.0000000000e-01 5.7099166642e-04
-2.5000000000e-01 -5.0000000000e-02 6.0517436134e-04
-2.5000000000e-01 0.0000000000e+00 6.3683392738e-04
-2.5000000000e-01 5.0000000000e-02 6.6460132260e-04
-2.5000000000e-01 1.0000000000e-01 6.8600887821e-04
-2.5000000000e-01 1.5000000000e-01 6.9854909081e-04
-2.5000000000e-01 2.0000000000e-01 7.0045743052e-04
-2.5000000000e-01 2.5000000000e-01 6.9094611424e-04
-2.5000000000e-01 3.0000000000e-01 6.7011997871e-04
-2.5000000000e-01 3.5000000000e-01 6.3878428413e-04
-2.5000000000e-01 4.0000000000e-01 5.9824596768e-04
-2.5000000000e-01 4.5000000000e-01 5.5014153532e-04
-2.5000000000e-01 5.0000000000e-01 4.9629567530e-04
-2.5000000000e-01 5.5000000000e-01 4.3860609617e-04
-2.5000000000e-01 6.0000000000e-01 3.7894927376e-04
-2.5000000000e-01 6.5000000000e-01 3.1910314803e-04
-2.5000000000e-01 7.0000000000e-01 2.6068417671e-04
-2.5000000000e-01 7.5000000000e-01 2.0509715311e-04
-2.5000000000e-01 8.0000000000e-01 1.5349668211e-04
-2.5000000000e-01 8.5000000000e-01 1.0675935055e-04
-2.5000000000e-01 9.0000000000e-01 6.5465615862e-05
-2.5000000000e-01 9.5000000000e-01 2.9890252606e-05
-2.5000000000e-01 1.0000000000e+00 0.0000000000e+00
-2.0000000000e-01 -1.0000000000e+00 0.0000000000e+00
-2.0000000000e-01 -9.5000000000e-01 7.5789546439e-07
-2.0000000000e-01 -9.0000000000e-01 6.6954025426e-06
-2.0000000000e-01 -8.5000000000e-01 1.7841887696e-05
-2.0000000000e-01 -8.0000000000e-01 3.4084466300e-05
-2.0000000000e-01 -7.5000000000e-01 5.5188973944e-05
-2.0000000000e-01 -7.0000000000e-01 8.0805836689e-05
-2.0000000000e-01 -6.5000000000e-01 1.1047439983e-04
-2.0000000000e-01 -6.0000000000e-01 1.4363155202e-04
-2.0000000000e-01 -5.5000000000e-01 1.7962701251e-04
-2.0000000000e-01 -5.0000000000e-01 2.1774624022e-04
-2.0000000000e-01 -4.5000000000e-01 2.5724150669e-04
-2.0000000000e-01 -4.0000000000e-01 2.9737191507e-04
-2.0000000000e-01 -3.5000000000e-01 3.3745329627e-04
-2.0000000000e-01 -3.0000000000e-01 3.7691921250e-04
-2.0000000000e-01 -2.5000000000e-01 4.1539369059e-04
-2.0000000000e-01 -2.0000000000e-01 4.5277261240e-04
-2.0000000000e-01 -1.5000000000e-01 4.8929798045e-04
-2.0000000000e-01 -1.0000000000e-01 5.2557386433e-04
-2.0000000000e-01 -5.0000000000e-02 5.6239198819e-04
-2.0000000000e-01 0.0000000000e+00 6.0010397816e-04
-2.0000000000e-01 5.0000000000e-02 6.3727924511e-04
-2.0000000000e-01 1.0000000000e-01 6.6943345257e-04
-2.0000000000e-01 1.5000000000e-01 6.9223537969e-04
-2.0000000000e-01 2.0000000000e-01 7.0294501779e-04
-2.0000000000e-01 2.5000000000e-01 7.0045743227e-04
-2.0000000000e-01 3.0000000000e-01 6.8491362385e-04
-2.0000000000e-01 3.5000000000e-01 6.5730244962e-04
-2.0000000000e-01 4.0000000000e-01 6.1915537271e-04
-2.0000000000e-01 4.5000000000e-01 5.7232756129e-04
-2.0000000000e-01 5.0000000000e-01 5.1883919907e-04
-2.0000000000e-01 5.5000000000e-01 4.6075578999e-04
-2.0000000000e-01 6.0000000000e-01 4.0009417453e-04
-2.0000000000e-01 6.5000000000e-01 3.3874683099e-04
-2.0000000000e-01 7.0000000000e-01 2.7842057635e-04
-2.0000000000e-01 7.5000000000e-01 2.2058763021e-04
-2.0000000000e-01 8.0000000000e-01 1.6644786340e-04
-2.0000000000e-01 8.5000000000e-01 1.1690133291e-04
-2.0000000000e-01 9.0000000000e-01 7.2530156662e-05
-2.0000000000e-01 9.5000000000e-01 3.3588602226e-05
-2.0000000000e-01 1.0000000000e+00 0.0000000000e+00
-1.5000000000e-01 -1.0000000000e+00 0.0000000000e+00
-1.5000000000e-01 -9.5000000000e-01 6.4032470304e-07
-1.5000000000e-01 -9.0000000000e-01 5.8726967134e-06
-1.5000000000e-01 -8.5000000000e-01 1.5565800098e-05
-1.5000000000e-01 -8.0000000000e-01 2.9538428088e-05
-1.5000000000e-01 -7.5000000000e-01 4.7552862804e-05
-1.5000000000e-01 -7.0000000000e-01 6.9299562425e-05
-1.5000000000e-01 -6.5000000000e-01 9.4388619914e-05
-1.5000000000e-01 -6.0000000000e-01 1.2235065518e-04
-1.5000000000e-01 -5.5000000000e-01 1.5264681303e-04
-1.5000000000e-01 -5.0000000000e-01 1.8468734907e-04
-1.5000000000e-01 -4.5000000000e-01 2.1785908074e-04
-1.5000000000e-01 -4.0000000000e-01 2.5156285515e-04
-1.5000000000e-01 -3.5000000000e-01 2.8526355804e-04
-1.5000000000e-01 -3.0000000000e-01 3.1855750610e-04
-1.5000000000e-01 -2.5000000000e-01 3.5126541737e-04
-1.5000000000e-01 -2.0000000000e-01 3.8356298341e-04
-1.5000000000e-01 -1.5000000000e-01 4.1616001442e-04
-1.5000000000e-01 -1.0000000000e-01 4.5051094244e-04
-1.5000000000e-01 -5.0000000000e-02 4.8890791654e-04
-1.5000000000e-01 0.0000000000e+00 5.3386544006e-04
-1.5000000000e-01 5.0000000000e-02 5.8517041091e-04
-1.5000000000e-01 1.0000000000e-01 6.3310739972e-04
-1.5000000000e-01 1.5000000000e-01 6.7006097854e-04
-1.5000000000e-01 2.0000000000e-01 6.9223538145e-04
-1.5000000000e-01 2.5000000000e-01 6.9854908845e-04
-1.5000000000e-01 3.0000000000e-01 6.8951840200e-04
-1.5000000000e-01 3.5000000000e-01 6.6655433396e-04
-1.5000000000e-01 4.0000000000e-01 6.3156000316e-04
-1.5000000000e-01 4.5000000000e-01 5.8669394694e-04
-1.5000000000e-01 5.0000000000e-01 5.3421820473e-04
-1.5000000000e-01 5.5000000000e-01 4.7639008238e-04
-1.5000000000e-01 6.0000000000e-01 4.1537827386e-04
-1.5000000000e-01 6.5000000000e-01 3.5319474337e-04
-1.5000000000e-01 7.0000000000e-01 2.9163871166e-04
-1.5000000000e-01 7.5000000000e-01 2.3225124979e-04
-1.5000000000e-01 8.0000000000e-01 1.7627980377e-04
-1.5000000000e-01 8.5000000000e-01 1.2465210255e-04
-1.5000000000e-01 9.0000000000e-01 7.7958751921e-05
-1.5000000000e-01 9.5000000000e-01 3.6443524000e-05
-1.5000000000e-01 1.0000000000e+00 0.0000000000e+00
-1.0000000000e-01 -1.0000000000e+00 0.0000000000e+00
-1.0000000000e-01 -9.5000000000e-01 5.8653162105e-08
-1.0000000000e-01 -9.0000000000e-01 3.9440235771e-06
-1.0000000000e-01 -8.5000000000e-01 1.1291338397e-05
-1.0000000000e-01 -8.0000000000e-01 2.1850967739e-05
-1.0000000000e-01 -7.5000000000e-01 3.5400514295e-05
-1.0000000000e-01 -7.0000000000e-01 5.1693566347e-05
-1.0000000000e-01 -6.5000000000e-01 7.0436155035e-05
-1.0000000000e-01 -6.0000000000e-01 9.1280154576e-05
-1.0000000000e-01 -5.5000000000e-01 1.1382776224e-04
-1.0000000000e-01 -5.0000000000e-01 1.3764446546e-04
-1.0000000000e-01 -4.5000000000e-01 1.6228007350e-04
-1.0000000000e-01 -4.0000000000e-01 1.8729893293e-04
-1.0000000000e-01 -3.5000000000e-01 2.1232274283e-04
-1.0000000000e-01 -3.0000000000e-01 2.3709338935e-04
-1.0000000000e-01 -2.5000000000e-01 2.6157122255e-04
-1.0000000000e-01 -2.0000000000e-01 2.8610088999e-04
-1.0000000000e-01 -1.5000000000e-01 3.1170979738e-04
-1.0000000000e-01 -1.0000000000e-01 3.4065945485e-04
-1.0000000000e-01 -5.0000000000e-02 3.7739490695e-04
-1.0000000000e-01 0.0000000000e+00 4.2956655377e-04
-1.0000000000e-01 5.0000000000e-02 5.0496116333e-04
-1.0000000000e-01 1.0000000000e-01 5.7702224025e-04
-1.0000000000e-01 1.5000000000e-01 6.3310739981e-04
-1.0000000000e-01 2.0000000000e-01 6.6943344802e-04
-1.0000000000e-01 2.5000000000e-01 6.8600887715e-04
-1.0000000000e-01 3.0000000000e-01 6.8436811955e-04
-1.0000000000e-01 3.5000000000e-01 6.6667864780e-04
-1.0000000000e-01 4.0000000000e-01 6.3537842440e-04
-1.0000000000e-01 4.5000000000e-01 5.9300547983e-04
-1.0000000000e-01 5.0000000000e-01 5.4209679480e-04
-1.0000000000e-01 5.5000000000e-01 4.8511357808e-04
-1.0000000000e-01 6.0000000000e-01 4.2437861226e-04
-1.0000000000e-01 6.5000000000e-01 3.6202146579e-04
-1.0000000000e-01 7.0000000000e-01 2.9993090992e-04
-1.0000000000e-01 7.5000000000e-01 2.3971487495e-04
-1.0000000000e-01 8.0000000000e-01 1.8266839473e-04
-1.0000000000e-01 8.5000000000e-01 1.2974967494e-04
-1.0000000000e-01 9.0000000000e-01 8.1563995377e-05
-1.0000000000e-01 9.5000000000e-01 3.8354691695e-05
-1.0000000000e-01 1.0000000000e+00 0.0000000000e+00
-5.0000000000e-02 -1.0000000000e+00 0.0000000000e+00
-5.0000000000e-02 -9.5000000000e-01 5.0684029285e-07
-5.0000000000e-02 -9.0000000000e-01 1.5807420728e-06
-5.0000000000e-02 -8.5000000000e-01 5.7110008735e-06
-5.0000000000e-02 -8.0000000000e-01 1.1647206897e-05
-5.0000000000e-02 -7.5000000000e-01 1.9237400349e-05
-5.0000000000e-02 -7.0000000000e-01 2.8336967475e-05
-5.0000000000e-02 -6.5000000000e-01 3.8781218344e-05
-5.0000000000e-02 -6.0000000000e-01 5.0377115701e-05
-5.0000000000e-02 -5.5000000000e-01 6.2904169729e-05
-5.0000000000e-02 -5.0000000000e-01 7.6121130375e-05
-5.0000000000e-02 -4.5000000000e-01 8.9777688689e-05
-5.0000000000e-02 -4.0000000000e-01 1.0363193285e-04
-5.0000000000e-02 -3.5000000000e-01 1.1747605522e-04
-5.0000000000e-02 -3.0000000000e-01 1.3117632619e-04
-5.0000000000e-02 -2.5000000000e-01 1.4474166547e-04
-5.0000000000e-02 -2.0000000000e-01 1.5845666807e-04
-5.0000000000e-02 -1.5000000000e-01 1.7317630080e-04
-5.0000000000e-02 -1.0000000000e-01 1.9107036133e-04
-5.0000000000e-02 -5.0000000000e-02 2.1775270606e-04
-5.0000000000e-02 0.0000000000e+00 2.6910201360e-04
-5.0000000000e-02 5.0000000000e-02 3.9539246900e-04
-5.0000000000e-02 1.0000000000e-01 5.0496116720e-04
-5.0000000000e-02 1.5000000000e-01 5.8517040807e-04
-5.0000000000e-02 2.0000000000e-01 6.3727924438e-04
-5.0000000000e-02 2.5000000000e-01 6.6460132208e-04
-5.0000000000e-02 3.0000000000e-01 6.7052078962e-04
-5.0000000000e-02 3.5000000000e-01 6.5825467354e-04
-5.0000000000e-02 4.0000000000e-01 6.3087143859e-04
-5.0000000000e-02 4.5000000000e-01 5.9131261967e-04
-5.0000000000e-02 5.0000000000e-01 5.4238836624e-04
-5.0000000000e-02 5.5000000000e-01 4.8675338096e-04
-5.0000000000e-02 6.0000000000e-01 4.2687219232e-04
-5.0000000000e-02 6.5000000000e-01 3.6498053684e-04
-5.0000000000e-02 7.0000000000e-01 3.0304752467e-04
-5.0000000000e-02 7.5000000000e-01 2.4274168951e-04
-5.0000000000e-02 8.0000000000e-01 1.8540283371e-04
-5.0000000000e-02 8.5000000000e-01 1.3202063497e-04
-5.0000000000e-02 9.0000000000e-01 8.3220211456e-05
-5.0000000000e-02 9.5000000000e-01 3.9254156639e-05
-5.0000000000e-02 1.0000000000e+00 0.0000000000e+00
0.0000000000e+00 -1.0000000000e+00 0.0000000000e+00
0.0000000000e+00 -9.5000000000e-01 0.0000000000e+00
0.0000000000e+00 -9.0000000000e-01 0.0000000000e+00
0.0000000000e+00 -8.5000000000e-01 0.0000000000e+00
0.0000000000e+00 -8.0000000000e-01 0.0000000000e+00
0.0000000000e+00 -7.5000000000e-01 0.0000000000e+00
0.0000000000e+00 -7.0000000000e-01 0.0000000000e+00
0.0000000000e+00 -6.5000000000e-01 0.0000000000e+00
0.0000000000e+00 -6.0000000000e-01 0.0000000000e+00
0.0000000000e+00 -5.5000000000e-01 0.0000000000e+00
0.0000000000e+00 -5.0000000000e-01 0.0000000000e+00
0.0000000000e+00 -4.5000000000e-01 0.0000000000e+00
0.0000000000e+00 -4.0000000000e-01 0.0000000000e+00
0.0000000000e+00 -3.5000000000e-01 0.0000000000e+00
0.0000000000e+00 -3.0000000000e-01 0.0000000000e+00
0.0000000000e+00 -2.5000000000e-01 0.0000000000e+00
0.0000000000e+00 -2.0000000000e-01 0.0000000000e+00
0.0000000000e+00 -1.5000000000e-01 0.0000000000e+00
0.0000000000e+00 -1.0000000000e-01 0.0000000000e+00
0.0000000000e+00 -5.0000000000e-02 0.0000000000e+00
0.0000000000e+00 0.0000000000e+00 0.0000000000e+00
0.0000000000e+00 5.0000000000e-02 2.6910201604e-04
0.0000000000e+00 1.0000000000e-01 4.2956655431e-04
0.0000000000e+00 1.5000000000e-01 5.3386544290e-04
0.0000000000e+00 2.0000000000e-01 6.0010398082e-04
0.0000000000e+00 2.5000000000e-01 6.3683392957e-04
0.0000000000e+00 3.0000000000e-01 6.4946485386e-04
0.0000000000e+00 3.5000000000e-01 6.4217459997e-04
0.0000000000e+00 4.0000000000e-01 6.1856497957e-04
0.0000000000e+00 4.5000000000e-01 5.8190757568e-04
0.0000000000e+00 5.0000000000e-01 5.3523246543e-04
0.0000000000e+00 5.5000000000e-01 4.8134870668e-04
0.0000000000e+00 6.0000000000e-01 4.2283332006e-04
0.0000000000e+00 6.5000000000e-01 3.6200632629e-04
0.0000000000e+00 7.0000000000e-01 3.0090126810e-04
0.0000000000e+00 7.5000000000e-01 2.4123661369e-04
0.0000000000e+00 8.0000000000e-01 1.8439115900e-04
0.0000000000e+00 8.5000000000e-01 1.3138508519e-04
0.0000000000e+00 9.0000000000e-01 8.2867252204e-05
0.0000000000e+00 9.5000000000e-01 3.9108490739e-05
0.0000000000e+00 1.0000000000e+00 0.0000000000e+00
5.0000000000e-02 0.0000000000e+00 0.0000000000e+00
5.0000000000e-02 5.0000000000e-02 2.1775270010e-04
5.0000000000e-02 1.0000000000e-01 3.7739490773e-04
5.0000000000e-02 1.5000000000e-01 4.8890791514e-04
5.0000000000e-02 2.0000000000e-01 5.6239198450e-04
5.0000000000e-02 2.5000000000e-01 6.0517435628e-04
5.0000000000e-02 3.0000000000e-01 6.2271739527e-04
5.0000000000e-02 3.5000000000e-01 6.1943367601e-04
5.0000000000e-02 4.0000000000e-01 5.9913677423e-04
5.0000000000e-02 4.5000000000e-01 5.6526141269e-04
5.0000000000e-02 5.0000000000e-01 5.2095953204e-04
5.0000000000e-02 5.5000000000e-01 4.6913143563e-04
5.0000000000e-02 6.0000000000e-01 4.1242346707e-04
5.0000000000e-02 6.5000000000e-01 3.5320946728e-04
5.0000000000e-02 7.0000000000e-01 2.9356594885e-04
5.0000000000e-02 7.5000000000e-01 2.3524690909e-04
5.0000000000e-02 8.0000000000e-01 1.7966177851e-04
5.0000000000e-02 8.5000000000e-01 1.2785843688e-04
5.0000000000e-02 9.0000000000e-01 8.0512065504e-05
5.0000000000e-02 9.5000000000e-01 3.7919743979e-05
5.0000000000e-02 1.0000000000e+00 0.0000000000e+00
1.0000000000e-01 0.0000000000e+00 0.0000000000e+00
1.0000000000e-01 5.0000000000e-02 1.9107036692e-04
1.0000000000e-01 1.0000000000e-01 3.4065946513e-04
1.0000000000e-01 1.5000000000e-01 4.5051095128e-04
1.0000000000e-01 2.0000000000e-01 5.2557387178e-04
1.0000000000e-01 2.5000000000e-01 5.7099167560e-04
1.0000000000e-01 3.0000000000e-01 5.9140250596e-04
1.0000000000e-01 3.5000000000e-01 5.9093271682e-04
1.0000000000e-01 4.0000000000e-01 5.7331197188e-04
1.0000000000e-01 4.5000000000e-01 5.4196415419e-04
1.0000000000e-01 5.0000000000e-01 5.0005461262e-04
1.0000000000e-01 5.5000000000e-01 4.5050335690e-04
1.0000000000e-01 6.0000000000e-01 3.9597672485e-04
1.0000000000e-01 6.5000000000e-01 3.3886748643e-04
1.0000000000e-01 7.0000000000e-01 2.8127045731e-04
1.0000000000e-01 7.5000000000e-01 2.2495838383e-04
1.0000000000e-01 8.0000000000e-01 1.7136115344e-04
1.0000000000e-01 8.5000000000e-01 1.2155008356e-04
1.0000000000e-01 9.0000000000e-01 7.6228022238e-05
1.0000000000e-01 9.5000000000e-01 3.5725186292e-05
1.0000000000e-01 1.0000000000e+00 0.0000000000e+00
1.5000000000e-01 0.0000000000e+00 0.0000000000e+00
1.5000000000e-01 5.0000000000e-02 1.7317630373e-04
1.5000000000e-01 1.0000000000e-01 3.1170980334e-04
1.5000000000e-01 1.5000000000e-01 4.1616001824e-04
1.5000000000e-01 2.0000000000e-01 4.8929798348e-04
1.5000000000e-01 2.5000000000e-01 5.3473243529e-04
1.5000000000e-01 3.0000000000e-01 5.5622247109e-04
1.5000000000e-01 3.5000000000e-01 5.5742366924e-04
1.5000000000e-01 4.0000000000e-01 5.4181611143e-04
1.5000000000e-01 4.5000000000e-01 5.1268848310e-04
1.5000000000e-01 5.0000000000e-01 4.7312985735e-04
1.5000000000e-01 5.5000000000e-01 4.2601521148e-04
1.5000000000e-01 6.0000000000e-01 3.7398364917e-04
1.5000000000e-01 6.5000000000e-01 3.1941223353e-04
1.5000000000e-01 7.0000000000e-01 2.6438894590e-04
1.5000000000e-01 7.5000000000e-01 2.1068775888e-04
1.5000000000e-01 8.0000000000e-01 1.5974797658e-04
1.5000000000e-01 8.5000000000e-01 1.1265915101e-04
1.5000000000e-01 9.0000000000e-01 7.0152101336e-05
1.5000000000e-01 9.5000000000e-01 3.2595888358e-05
1.5000000000e-01 1.0000000000e+00 0.0000000000e+00
2.0000000000e-01 0.0000000000e+00 0.0000000000e+00
2.0000000000e-01 5.0000000000e-02 1.5845667079e-04
2.0000000000e-01 1.0000000000e-01 2.8610089483e-04
2.0000000000e-01 1.5000000000e-01 3.8356298557e-04
2.0000000000e-01 2.0000000000e-01 4.5277261396e-04
2.0000000000e-01 2.5000000000e-01 4.9644135135e-04
2.0000000000e-01 3.0000000000e-01 5.1764283322e-04
2.0000000000e-01 3.5000000000e-01 5.1956554424e-04
2.0000000000e-01 4.0000000000e-01 5.0538238300e-04
2.0000000000e-01 4.5000000000e-01 4.7817927049e-04
2.0000000000e-01 5.0000000000e-01 4.4090832369e-04
2.0000000000e-01 5.5000000000e-01 3.9634949935e-04
2.0000000000e-01 6.0000000000e-01 3.4707494533e-04
2.0000000000e-01 6.5000000000e-01 2.9541516081e-04
2.0000000000e-01 7.0000000000e-01 2.4342796718e-04
2.0000000000e-01 7.5000000000e-01 1.9287175146e-04
2.0000000000e-01 8.0000000000e-01 1.4518423938e-04
2.0000000000e-01 8.5000000000e-01 1.0146759588e-04
2.0000000000e-01 9.0000000000e-01 6.2480114750e-05
2.0000000000e-01 9.5000000000e-01 2.8634215478e-05
2.0000000000e-01 1.0000000000e+00 0.0000000000e+00
2.5000000000e-01 0.0000000000e+00 0.0000000000e+00
2.5000000000e-01 5.0000000000e-02 1.4474166716e-04
2.5000000000e-01 1.0000000000e-01 2.6157122624e-04
2.5000000000e-01 1.5000000000e-01 3.5126541785e-04
2.5000000000e-01 2.0000000000e-01 4.1539369282e-04
2.5000000000e-01 2.5000000000e-01 4.5614163672e-04
2.5000000000e-01 3.0000000000e-01 4.7608573429e-04
2.5000000000e-01 3.5000000000e-01 4.7801110946e-04
2.5000000000e-01 4.0000000000e-01 4.6478309652e-04
2.5000000000e-01 4.5000000000e-01 4.3925770060e-04
2.5000000000e-01 5.0000000000e-01 4.0421510486e-04
2.5000000000e-01 5.5000000000e-01 3.6230590777e-04
2.5000000000e-01 6.0000000000e-01 3.1600494145e-04
2.5000000000e-01 6.5000000000e-01 2.6757081543e-04
2.5000000000e-01 7.0000000000e-01 2.1901105441e-04
2.5000000000e-01 7.5000000000e-01 1.7205336400e-04
2.5000000000e-01 8.0000000000e-01 1.2812362796e-04
2.5000000000e-01 8.5000000000e-01 8.8331019911e-05
2.5000000000e-01 9.0000000000e-01 5.3460223936e-05
2.5000000000e-01 9.5000000000e-01 2.3970382329e-05
2.5000000000e-01 1.0000000000e+00 0.0000000000e+00
3.0000000000e-01 0.0000000000e+00 0.0000000000e+00
3.0000000000e-01 5.0000000000e-02 1.3117632724e-04
3.0000000000e-01 1.0000000000e-01 2.3709339317e-04
3.0000000000e-01 1.5000000000e-01 3.1855750794e-04
3.0000000000e-01 2.0000000000e-01 3.7691921663e-04
3.0000000000e-01 2.5000000000e-01 4.1401613309e-04
3.0000000000e-01 3.0000000000e-01 4.3205268285e-04
3.0000000000e-01 3.5000000000e-01 4.3347434302e-04
3.0000000000e-01 4.0000000000e-01 4.2085880896e-04
3.0000000000e-01 4.5000000000e-01 3.9682694341e-04
3.0000000000e-01 5.0000000000e-01 3.6396970041e-04
3.0000000000e-01 5.5000000000e-01 3.2478674535e-04
3.0000000000e-01 6.0000000000e-01 2.8163395049e-04
3.0000000000e-01 6.5000000000e-01 2.3667846516e-04
3.0000000000e-01 7.0000000000e-01 1.9186105089e-04
3.0000000000e-01 7.5000000000e-01 1.4886583394e-04
3.0000000000e-01 8.0000000000e-01 1.0909772914e-04
3.0000000000e-01 8.5000000000e-01 7.3667611831e-05
3.0000000000e-01 9.0000000000e-01 4.3385066867e-05
3.0000000000e-01 9.5000000000e-01 1.8758235999e-05
3.0000000000e-01 1.0000000000e+00 0.0000000000e+00
3.5000000000e-01 0.0000000000e+00 0.0000000000e+00
3.5000000000e-01 5.0000000000e-02 1.1747605803e-04
3.5000000000e-01 1.0000000000e-01 2.1232274952e-04
3.5000000000e-01 1.5000000000e-01 2.8526356379e-04
3.5000000000e-01 2.0000000000e-01 3.3745330135e-04
3.5000000000e-01 2.5000000000e-01 3.7045632184e-04
3.5000000000e-01 3.0000000000e-01 3.8617563543e-04
3.5000000000e-01 3.5000000000e-01 3.8676353125e-04
3.5000000000e-01 4.0000000000e-01 3.7453204826e-04
3.5000000000e-01 4.5000000000e-01 3.5187092308e-04
3.5000000000e-01 5.0000000000e-01 3.2117489182e-04
3.5000000000e-01 5.5000000000e-01 2.8478004668e-04
3.5000000000e-01 6.0000000000e-01 2.4490860369e-04
3.5000000000e-01 6.5000000000e-01 2.0362174395e-04
3.5000000000e-01 7.0000000000e-01 1.6278048999e-04
3.5000000000e-01 7.5000000000e-01 1.2401474392e-04
3.5000000000e-01 8.0000000000e-01 8.8700579959e-05
3.5000000000e-01 8.5000000000e-01 5.7945717083e-05
3.5000000000e-01 9.0000000000e-01 3.2582875672e-05
3.5000000000e-01 9.5000000000e-01 1.3170483328e-05
3.5000000000e-01 1.0000000000e+00 0.0000000000e+00
4.0000000000e-01 0.0000000000e+00 0.0000000000e+00
4.0000000000e-01 5.0000000000e-02 1.0363193723e-04
4.0000000000e-01 1.0000000000e-01 1.8729894053e-04
4.0000000000e-01 1.5000000000e-01 2.5156286213e-04
4.0000000000e-01 2.0000000000e-01 2.9737192064e-04
4.0000000000e-01 2.5000000000e-01 3.2604449871e-04
4.0000000000e-01 3.0000000000e-01 3.3921876485e-04
4.0000000000e-01 3.5000000000e-01 3.3878363003e-04
4.0000000000e-01 4.0000000000e-01 3.2680334224e-04
4.0000000000e-01 4.5000000000e-01 3.0544315968e-04
4.0000000000e-01 5.0000000000e-01 2.7689990785e-04
4.0000000000e-01 5.5000000000e-01 2.4333914850e-04
4.0000000000e-01 6.0000000000e-01 2.0683976607e-04
4.0000000000e-01 6.5000000000e-01 1.6934646317e-04
4.0000000000e-01 7.0000000000e-01 1.3263049901e-04
4.0000000000e-01 7.5000000000e-01 9.8258902548e-05
4.0000000000e-01 8.0000000000e-01 6.7572219510e-05
4.0000000000e-01 8.5000000000e-01 4.1670627793e-05
4.0000000000e-01 9.0000000000e-01 2.1408039478e-05
4.0000000000e-01 9.5000000000e-01 7.3936140800e-06
4.0000000000e-01 1.0000000000e+00 0.0000000000e+00
4.5000000000e-01 0.0000000000e+00 0.0000000000e+00
4.5000000000e-01 5.0000000000e-02 8.9777693211e-05
4.5000000000e-01 1.0000000000e-01 1.6228008185e-04
4.5000000000e-01 1.5000000000e-01 2.1785908685e-04
4.5000000000e-01 2.0000000000e-01 2.5724151116e-04
4.5000000000e-01 2.5000000000e-01 2.8150860358e-04
4.5000000000e-01 3.0000000000e-01 2.9205248897e-04
4.5000000000e-01 3.5000000000e-01 2.9051729478e-04
4.5000000000e-01 4.0000000000e-01 2.7873277798e-04
4.5000000000e-01 4.5000000000e-01 2.5864641081e-04
4.5000000000e-01 5.0000000000e-01 2.3225792440e-04
4.5000000000e-01 5.5000000000e-01 2.0155880879e-04
4.5000000000e-01 6.0000000000e-01 1.6847833832e-04
4.5000000000e-01 6.5000000000e-01 1.3483713865e-04
4.5000000000e-01 7.0000000000e-01 1.0230893058e-04
4.5000000000e-01 7.5000000000e-01 7.2390799110e-05
4.5000000000e-01 8.0000000000e-01 4.6382031916e-05
4.5000000000e-01 8.5000000000e-01 2.5371291765e-05
4.5000000000e-01 9.0000000000e-01 1.0231645605e-05
4.5000000000e-01 9.5000000000e-01 1.6228173637e-06
4.5000000000e-01 1.0000000000e+00 0.0000000000e+00
5.0000000000e-01 0.0000000000e+00 0.0000000000e+00
5.0000000000e-01 5.0000000000e-02 7.6121135995e-05
5.0000000000e-01 1.0000000000e-01 1.3764447187e-04
5.0000000000e-01 1.5000000000e-01 1.8468735364e-04
5.0000000000e-01 2.0000000000e-01 2.1774624141e-04
5.0000000000e-01 2.5000000000e-01 2.3766952743e-04
5.0000000000e-01 3.0000000000e-01 2.4561465223e-04
5.0000000000e-01 3.5000000000e-01 2.4299363447e-04
5.0000000000e-01 4.0000000000e-01 2.3141200977e-04
5.0000000000e-01 4.5000000000e-01 2.1260569645e-04
5.0000000000e-01 5.0000000000e-01 1.8837936247e-04
5.0000000000e-01 5.5000000000e-01 1.6054890118e-04
5.0000000000e-01 6.0000000000e-01 1.3088987009e-04
5.0000000000e-01 6.5000000000e-01 1.0109315842e-04
5.0000000000e-01 7.0000000000e-01 7.2728696745e-05
5.0000000000e-01 7.5000000000e-01 4.7217607949e-05
5.0000000000e-01 8.0000000000e-01 2.5812813855e-05
5.0000000000e-01 8.5000000000e-01 9.5877601136e-06
5.0000000000e-01 9.0000000000e-01 5.6737393572e-07
5.0000000000e-01 9.5000000000e-01 3.9427580724e-06
5.0000000000e-01 1.0000000000e+00 0.0000000000e+00
5.5000000000e-01 0.0000000000e+00 0.0000000000e+00
5.5000000000e-01 5.0000000000e-02 6.2904175153e-05
5.5000000000e-01 1.0000000000e-01 1.1382776627e-04
5.5000000000e-01 1.5000000000e-01 1.5264681629e-04
5.5000000000e-01 2.0000000000e-01 1.7962700941e-04
5.5000000000e-01 2.5000000000e-01 1.9538982626e-04
5.5000000000e-01 3.0000000000e-01 2.0086784236e-04
5.5000000000e-01 3.5000000000e-01 1.9725159181e-04
5.5000000000e-01 4.0000000000e-01 1.8593142120e-04
5.5000000000e-01 4.5000000000e-01 1.6843779451e-04
5.5000000000e-01 5.0000000000e-01 1.4638307796e-04
5.5000000000e-01 5.5000000000e-01 1.2140723398e-04
5.5000000000e-01 6.0000000000e-01 9.5129272647e-05
5.5000000000e-01 6.5000000000e-01 6.9105792317e-05
5.5000000000e-01 7.0000000000e-01 4.4797467005e-05
5.5000000000e-01 7.5000000000e-01 2.3543879723e-05
5.5000000000e-01 8.0000000000e-01 6.5466488335e-06
5.5000000000e-01 8.5000000000e-01 5.1396626678e-06
5.5000000000e-01 9.0000000000e-01 1.0609751764e-05
5.5000000000e-01 9.5000000000e-01 9.1039902108e-06
5.5000000000e-01 1.0000000000e+00 0.0000000000e+00
6.0000000000e-01 0.0000000000e+00 0.0000000000e+00
6.0000000000e-01 5.0000000000e-02 5.0377118573e-05
6.0000000000e-01 1.0000000000e-01 9.1280158243e-05
6.0000000000e-01 1.5000000000e-01 1.2235065308e-04
6.0000000000e-01 2.0000000000e-01 1.4363154363e-04
6.0000000000e-01 2.5000000000e-01 1.5552758635e-04
6.0000000000e-01 3.0000000000e-01 1.5875792339e-04
6.0000000000e-01 3.5000000000e-01 1.5430267138e-04
6.0000000000e-01 4.0000000000e-01 1.4334622379e-04
6.0000000000e-01 4.5000000000e-01 1.2722005974e-04
6.0000000000e-01 5.0000000000e-01 1.0734759134e-04
6.0000000000e-01 5.5000000000e-01 8.5193188982e-05
6.0000000000e-01 6.0000000000e-01 6.2217074410e-05
6.0000000000e-01 6.5000000000e-01 3.9837348178e-05
6.0000000000e-01 7.0000000000e-01 1.9399984582e-05
6.0000000000e-01 7.5000000000e-01 2.1571671902e-06
6.0000000000e-01 8.0000000000e-01 1.0746185750e-05
6.0000000000e-01 8.5000000000e-01 1.8278443705e-05
6.0000000000e-01 9.0000000000e-01 1.9521150720e-05
6.0000000000e-01 9.5000000000e-01 1.3664499470e-05
6.0000000000e-01 1.0000000000e+00 0.0000000000e+00
6.5000000000e-01 0.0000000000e+00 0.0000000000e+00
6.5000000000e-01 5.0000000000e-02 3.8781220724e-05
6.5000000000e-01 1.0000000000e-01 7.0436155317e-05
6.5000000000e-01 1.5000000000e-01 9.4388613275e-05
6.5000000000e-01 2.0000000000e-01 1.1047439439e-04
6.5000000000e-01 2.5000000000e-01 1.1889690640e-04
6.5000000000e-01 3.0000000000e-01 1.2017654813e-04
6.5000000000e-01 3.5000000000e-01 1.1509603742e-04
6.5000000000e-01 4.0000000000e-01 1.0464423309e-04
6.5000000000e-01 4.5000000000e-01 8.9960859089e-05
6.5000000000e-01 5.0000000000e-01 7.2284228568e-05
6.5000000000e-01 5.5000000000e-01 5.2903736616e-05
6.5000000000e-01 6.0000000000e-01 3.3118563899e-05
6.5000000000e-01 6.5000000000e-01 1.4203725074e-05
6.5000000000e-01 7.0000000000e-01 2.6157445261e-06
6.5000000000e-01 7.5000000000e-01 1.6182100961e-05
6.5000000000e-01 8.0000000000e-01 2.5413898950e-05
6.5000000000e-01 8.5000000000e-01 2.9307647894e-05
6.5000000000e-01 9.0000000000e-01 2.6934014736e-05
6.5000000000e-01 9.5000000000e-01 1.7431397227e-05
6.5000000000e-01 1.0000000000e+00 0.0000000000e+00
7.0000000000e-01 0.0000000000e+00 0.0000000000e+00
7.0000000000e-01 5.0000000000e-02 2.8336970341e-05
7.0000000000e-01 1.0000000000e-01 5.1693565682e-05
7.0000000000e-01 1.5000000000e-01 6.9299559720e-05
7.0000000000e-01 2.0000000000e-01 8.0805833827e-05
7.0000000000e-01 2.5000000000e-01 8.6235456494e-05
7.0000000000e-01 3.0000000000e-01 8.5929023640e-05
7.0000000000e-01 3.5000000000e-01 8.0487743646e-05
7.0000000000e-01 4.0000000000e-01 7.0717107428e-05
7.0000000000e-01 4.5000000000e-01 5.7573250141e-05
7.0000000000e-01 5.0000000000e-01 4.2113591379e-05
7.0000000000e-01 5.5000000000e-01 2.5453042346e-05
7.0000000000e-01 6.0000000000e-01 8.7269028792e-06
7.0000000000e-01 6.5000000000e-01 6.9385877497e-06
7.0000000000e-01 7.0000000000e-01 2.0447271983e-05
7.0000000000e-01 7.5000000000e-01 3.0745195171e-05
7.0000000000e-01 8.0000000000e-01 3.6823890196e-05
7.0000000000e-01 8.5000000000e-01 3.7715804779e-05
7.0000000000e-01 9.0000000000e-01 3.2484339506e-05
7.0000000000e-01 9.5000000000e-01 2.0213002068e-05
7.0000000000e-01 1.0000000000e+00 0.0000000000e+00
7.5000000000e-01 0.0000000000e+00 0.0000000000e+00
7.5000000000e-01 5.0000000000e-02 1.9237400700e-05
7.5000000000e-01 1.0000000000e-01 3.5400513271e-05
7.5000000000e-01 1.5000000000e-01 4.7552860840e-05
7.5000000000e-01 2.0000000000e-01 5.5188968049e-05
7.5000000000e-01 2.5000000000e-01 5.8179039162e-05
7.5000000000e-01 3.0000000000e-01 5.6707988214e-05
7.5000000000e-01 3.5000000000e-01 5.1214884997e-05
7.5000000000e-01 4.0000000000e-01 4.2335991610e-05
7.5000000000e-01 4.5000000000e-01 3.0852854099e-05
7.5000000000e-01 5.0000000000e-01 1.7646221531e-05
7.5000000000e-01 5.5000000000e-01 3.6564234407e-06
7.5000000000e-01 6.0000000000e-01 1.0149106959e-05
7.5000000000e-01 6.5000000000e-01 2.2800392180e-05
7.5000000000e-01 7.0000000000e-01 3.3340718915e-05
7.5000000000e-01 7.5000000000e-01 4.0832923575e-05
7.5000000000e-01 8.0000000000e-01 4.4355708413e-05
7.5000000000e-01 8.5000000000e-01 4.2990416025e-05
7.5000000000e-01 9.0000000000e-01 3.5800726040e-05
7.5000000000e-01 9.5000000000e-01 2.1811649605e-05
7.5000000000e-01 1.0000000000e+00 0.0000000000e+00
8.0000000000e-01 0.0000000000e+00 0.0000000000e+00
8.0000000000e-01 5.0000000000e-02 1.1647208380e-05
8.0000000000e-01 1.0000000000e-01 2.1850969964e-05
8.0000000000e-01 1.5000000000e-01 2.9538423023e-05
8.0000000000e-01 2.0000000000e-01 3.4084458806e-05
8.0000000000e-01 2.5000000000e-01 3.5242557402e-05
8.0000000000e-01 3.0000000000e-01 3.3072558056e-05
8.0000000000e-01 3.5000000000e-01 2.7874646023e-05
8.0000000000e-01 4.0000000000e-01 2.0131770778e-05
8.0000000000e-01 4.5000000000e-01 1.0460230293e-05
8.0000000000e-01 5.0000000000e-01 4.3222566859e-07
8.0000000000e-01 5.5000000000e-01 1.1781090985e-05
8.0000000000e-01 6.0000000000e-01 2.2792452630e-05
8.0000000000e-01 6.5000000000e-01 3.2662422933e-05
8.0000000000e-01 7.0000000000e-01 4.0587693607e-05
8.0000000000e-01 7.5000000000e-01 4.5765913052e-05
8.0000000000e-01 8.0000000000e-01 4.7384364336e-05
8.0000000000e-01 8.5000000000e-01 4.4595678694e-05
8.0000000000e-01 9.0000000000e-01 3.6481127728e-05
8.0000000000e-01 9.5000000000e-01 2.2007828881e-05
8.0000000000e-01 1.0000000000e+00 0.0000000000e+00
8.5000000000e-01 0.0000000000e+00 0.0000000000e+00
8.5000000000e-01 5.0000000000e-02 5.7110084115e-06
8.5000000000e-01 1.0000000000e-01 1.1291341924e-05
8.5000000000e-01 1.5000000000e-01 1.5565796264e-05
8.5000000000e-01 2.0000000000e-01 1.7841882633e-05
8.5000000000e-01 2.5000000000e-01 1.7806014106e-05
8.5000000000e-01 3.0000000000e-01 1.5431777031e-05
8.5000000000e-01 3.5000000000e-01 1.0907460250e-05
8.5000000000e-01 4.0000000000e-01 4.5794797403e-06
8.5000000000e-01 4.5000000000e-01 3.0924817642e-06
8.5000000000e-01 5.0000000000e-01 1.1571470266e-05
8.5000000000e-01 5.5000000000e-01 2.0271858880e-05
8.5000000000e-01 6.0000000000e-01 2.8580973236e-05
8.5000000000e-01 6.5000000000e-01 3.5873382275e-05
8.5000000000e-01 7.0000000000e-01 4.1516765790e-05
8.5000000000e-01 7.5000000000e-01 4.4867431406e-05
8.5000000000e-01 8.0000000000e-01 4.5252411511e-05
8.5000000000e-01 8.5000000000e-01 4.1933634489e-05
8.5000000000e-01 9.0000000000e-01 3.4048771693e-05
8.5000000000e-01 9.5000000000e-01 2.0527035993e-05
8.5000000000e-01 1.0000000000e+00 0.0000000000e+00
9.0000000000e-01 0.0000000000e+00 0.0000000000e+00
9.0000000000e-01 5.0000000000e-02 1.5807477105e-06
9.0000000000e-01 1.0000000000e-01 3.9440200101e-06
9.0000000000e-01 1.5000000000e-01 5.8726923486e-06
9.0000000000e-01 2.0000000000e-01 6.6954028530e-06
9.0000000000e-01 2.5000000000e-01 6.1028187228e-06
9.0000000000e-01 3.0000000000e-01 4.0301623958e-06
9.0000000000e-01 3.5000000000e-01 5.8276546877e-07
9.0000000000e-01 4.0000000000e-01 4.0140744317e-06
9.0000000000e-01 4.5000000000e-01 9.4512678795e-06
9.0000000000e-01 5.0000000000e-01 1.5363286176e-05
9.0000000000e-01 5.5000000000e-01 2.1349037234e-05
9.0000000000e-01 6.0000000000e-01 2.6987071475e-05
9.0000000000e-01 6.5000000000e-01 3.1844937887e-05
9.0000000000e-01 7.0000000000e-01 3.5481630469e-05
9.0000000000e-01 7.5000000000e-01 3.7440888914e-05
9.0000000000e-01 8.0000000000e-01 3.7231043515e-05
9.0000000000e-01 8.5000000000e-01 3.4283101804e-05
9.0000000000e-01 9.0000000000e-01 2.7871158367e-05
9.0000000000e-01 9.5000000000e-01 1.6967196917e-05
9.0000000000e-01 1.0000000000e+00 0.0000000000e+00
9.5000000000e-01 0.0000000000e+00 0.0000000000e+00
9.5000000000e-01 5.0000000000e-02 5.0684329711e-07
9.5000000000e-01 1.0000000000e-01 5.8647661394e-08
9.5000000000e-01 1.5000000000e-01 6.4032154556e-07
9.5000000000e-01 2.0000000000e-01 7.5789623555e-07
9.5000000000e-01 2.5000000000e-01 2.0538453493e-07
9.5000000000e-01 3.0000000000e-01 1.0680309432e-06
9.5000000000e-01 3.5000000000e-01 3.0146815875e-06
9.5000000000e-01 4.0000000000e-01 5.5206689780e-06
9.5000000000e-01 4.5000000000e-01 8.4270365399e-06
9.5000000000e-01 5.0000000000e-01 1.1544977636e-05
9.5000000000e-01 5.5000000000e-01 1.4667102620e-05
9.5000000000e-01 6.0000000000e-01 1.7575444227e-05
9.5000000000e-01 6.5000000000e-01 2.0046143286e-05
9.5000000000e-01 7.0000000000e-01 2.1850118508e-05
9.5000000000e-01 7.5000000000e-01 2.2748078745e-05
9.5000000000e-01 8.0000000000e-01 2.2476266237e-05
9.5000000000e-01 8.5000000000e-01 2.0714440582e-05
9.5000000000e-01 9.0000000000e-01 1.7014048018e-05
9.5000000000e-01 9.5000000000e-01 1.0622752922e-05
9.5000000000e-01 1.0000000000e+00 0.0000000000e+00
1.0000000000e+00 0.0000000000e+00 0.0000000000e+00
1.0000000000e+00 5.0000000000e-02 0.0000000000e+00
1.0000000000e+00 1.0000000000e-01 0.0000000000e+00
1.0000000000e+00 1.5000000000e-01 0.0000000000e+00
1.0000000000e+00 2.0000000000e-01 0.0000000000e+00
1.0000000000e+00 2.5000000000e-01 0.0000000000e+00
1.0000000000e+00 3.0000000000e-01 0.0000000000e+00
1.0000000000e+00 3.5000000000e-01 0.0000000000e+00
1.0000000000e+00 4.0000000000e-01 0.0000000000e+00
1.0000000000e+00 4.5000000000e-01 0.0000000000e+00
1.0000000000e+00 5.0000000000e-01 0.0000000000e+00
1.0000000000e+00 5.5000000000e-01 0.0000000000e+00
1.0000000000e+00 6.0000000000e-01 0.0000000000e+00
1.0000000000e+00 6.5000000000e-01 0.0000000000e+00
1.0000000000e+00 7.0000000000e-01 0.0000000000e+00
1.0000000000e+00 7.5000000000e-01 0.0000000000e+00
1.0000000000e+00 8.0000000000e-01 0.0000000000e+00
1.0000000000e+00 8.5000000000e-01 0.0000000000e+00
1.0000000000e+00 9.0000000000e-01 0.0000000000e+00
1.0000000000e+00 9.5000000000e-01 0.0000000000e+00
1.0000000000e+00 1.0000000000e+00 0.0000000000e+00
