# x y u_exact
-1.0000000000e+00 -1.0000000000e+00 3.6787944117e-01
-1.0000000000e+00 -9.5000000000e-01 4.0555450506e-01
-1.0000000000e+00 -9.0000000000e-01 4.4485806622e-01
-1.0000000000e+00 -8.5000000000e-01 4.8553689515e-01
-1.0000000000e+00 -8.0000000000e-01 5.2729242404e-01
-1.0000000000e+00 -7.5000000000e-01 5.6978282473e-01
-1.0000000000e+00 -7.0000000000e-01 6.1262639418e-01
-1.0000000000e+00 -6.5000000000e-01 6.5540625433e-01
-1.0000000000e+00 -6.0000000000e-01 6.9767632607e-01
-1.0000000000e+00 -5.5000000000e-01 7.3896848826e-01
-1.0000000000e+00 -5.0000000000e-01 7.7880078307e-01
-1.0000000000e+00 -4.5000000000e-01 8.1668648260e-01
-1.0000000000e+00 -4.0000000000e-01 8.5214378897e-01
-1.0000000000e+00 -3.5000000000e-01 8.8470590494e-01
-1.0000000000e+00 -3.0000000000e-01 9.1393118527e-01
-1.0000000000e+00 -2.5000000000e-01 9.3941306281e-01
-1.0000000000e+00 -2.0000000000e-01 9.6078943915e-01
-1.0000000000e+00 -1.5000000000e-01 9.7775123719e-01
-1.0000000000e+00 -1.0000000000e-01 9.9004983375e-01
-1.0000000000e+00 -5.0000000000e-02 9.9750312240e-01
-1.0000000000e+00 0.0000000000e+00 1.0000000000e+00
-1.0000000000e+00 5.0000000000e-02 9.9750312240e-01
-1.0000000000e+00 1.0000000000e-01 9.9004983375e-01
-1.0000000000e+00 1.5000000000e-01 9.7775123719e-01
-1.0000000000e+00 2.0000000000e-01 9.6078943915e-01
-1.0000000000e+00 2.5000000000e-01 9.3941306281e-01
-1.0000000000e+00 3.0000000000e-01 9.1393118527e-01
-1.0000000000e+00 3.5000000000e-01 8.8470590494e-01
-1.0000000000e+00 4.0000000000e-01 8.5214378897e-01
-1.0000000000e+00 4.5000000000e-01 8.1668648260e-01
-1.0000000000e+00 5.0000000000e-01 7.7880078307e-01
-1.0000000000e+00 5.5000000000e-01 7.3896848826e-01
-1.0000000000e+00 6.0000000000e-01 6.9767632607e-01
-1.0000000000e+00 6.5000000000e-01 6.5540625433e-01
-1.0000000000e+00 7.0000000000e-01 6.1262639418e-01
-1.0000000000e+00 7.5000000000e-01 5.6978282473e-01
-1.0000000000e+00 8.0000000000e-01 5.2729242404e-01
-1.0000000000e+00 8.5000000000e-01 4.8553689515e-01
-1.0000000000e+00 9.0000000000e-01 4.4485806622e-01
-1.0000000000e+00 9.5000000000e-01 4.0555450506e-01
-1.0000000000e+00 1.0000000000e+00 3.6787944117e-01
-9.5000000000e-01 -1.0000000000e+00 4.0555450506e-01
-9.5000000000e-01 -9.5000000000e-01 4.4708792656e-01
-9.5000000000e-01 -9.0000000000e-01 4.9041662208e-01
-9.5000000000e-01 -8.5000000000e-01 5.3526142852e-01
-9.5000000000e-01 -8.0000000000e-01 5.8129320131e-01
-9.5000000000e-01 -7.5000000000e-01 6.2813510519e-01
-9.5000000000e-01 -7.0000000000e-01 6.7536634635e-01
-9.5000000000e-01 -6.5000000000e-01 7.2252735364e-01
-9.5000000000e-01 -6.0000000000e-01 7.6912636437e-01
-9.5000000000e-01 -5.5000000000e-01 8.1464731641e-01
-9.5000000000e-01 -5.0000000000e-01 8.5855889396e-01
-9.5000000000e-01 -4.5000000000e-01 9.0032452259e-01
-9.5000000000e-01 -4.0000000000e-01 9.3941306281e-01
-9.5000000000e-01 -3.5000000000e-01 9.7530991203e-01
-9.5000000000e-01 -3.0000000000e-01 1.0075281954e+00
-9.5000000000e-01 -2.5000000000e-01 1.0356197088e+00
-9.5000000000e-01 -2.0000000000e-01 1.0591852707e+00
-9.5000000000e-01 -1.5000000000e-01 1.0778841509e+00
-9.5000000000e-01 -1.0000000000e-01 1.0914422644e+00
-9.5000000000e-01 -5.0000000000e-02 1.0996588551e+00
-9.5000000000e-01 0.0000000000e+00 1.1024114416e+00
-9.5000000000e-01 5.0000000000e-02 1.0996588551e+00
-9.5000000000e-01 1.0000000000e-01 1.0914422644e+00
-9.5000000000e-01 1.5000000000e-01 1.0778841509e+00
-9.5000000000e-01 2.0000000000e-01 1.0591852707e+00
-9.5000000000e-01 2.5000000000e-01 1.0356197088e+00
-9.5000000000e-01 3.0000000000e-01 1.0075281954e+00
-9.5000000000e-01 3.5000000000e-01 9.7530991203e-01
-9.5000000000e-01 4.0000000000e-01 9.3941306281e-01
-9.5000000000e-01 4.5000000000e-01 9.0032452259e-01
-9.5000000000e-01 5.0000000000e-01 8.5855889396e-01
-9.5000000000e-01 5.5000000000e-01 8.1464731641e-01
-9.5000000000e-01 6.0000000000e-01 7.6912636437e-01
-9.5000000000e-01 6.5000000000e-01 7.2252735364e-01
-9.5000000000e-01 7.0000000000e-01 6.7536634635e-01
-9.5000000000e-01 7.5000000000e-01 6.2813510519e-01
-9.5000000000e-01 8.0000000000e-01 5.8129320131e-01
-9.5000000000e-01 8.5000000000e-01 5.3526142852e-01
-9.5000000000e-01 9.0000000000e-01 4.9041662208e-01
-9.5000000000e-01 9.5000000000e-01 4.4708792656e-01
-9.5000000000e-01 1.0000000000e+00 4.0555450506e-01
-9.0000000000e-01 -1.0000000000e+00 4.4485806622e-01
-9.0000000000e-01 -9.5000000000e-01 4.9041662208e-01
-9.0000000000e-01 -9.0000000000e-01 5.3794443759e-01
-9.0000000000e-01 -8.5000000000e-01 5.8713529511e-01
-9.0000000000e-01 -8.0000000000e-01 6.3762815162e-01
-9.0000000000e-01 -7.5000000000e-01 6.8900965156e-01
-9.0000000000e-01 -7.0000000000e-01 7.4081822068e-01
-9.0000000000e-01 -6.5000000000e-01 7.9254974935e-01
-9.0000000000e-01 -6.0000000000e-01 8.4366481660e-01
-9.0000000000e-01 -5.5000000000e-01 8.9359734711e-01
-9.0000000000e-01 -5.0000000000e-01 9.4176453358e-01
-9.0000000000e-01 -4.5000000000e-01 9.8757780049e-01
-9.0000000000e-01 -4.0000000000e-01 1.0304545340e+00
-9.0000000000e-01 -3.5000000000e-01 1.0698302596e+00
-9.0000000000e-01 -3.0000000000e-01 1.1051709181e+00
-9.0000000000e-01 -2.5000000000e-01 1.1359848682e+00
-9.0000000000e-01 -2.0000000000e-01 1.1618342427e+00
-9.0000000000e-01 -1.5000000000e-01 1.1823452902e+00
-9.0000000000e-01 -1.0000000000e-01 1.1972173631e+00
-9.0000000000e-01 -5.0000000000e-02 1.2062302494e+00
-9.0000000000e-01 0.0000000000e+00 1.2092495977e+00
-9.0000000000e-01 5.0000000000e-02 1.2062302494e+00
-9.0000000000e-01 1.0000000000e-01 1.1972173631e+00
-9.0000000000e-01 1.5000000000e-01 1.1823452902e+00
-9.0000000000e-01 2.0000000000e-01 1.1618342427e+00
-9.0000000000e-01 2.5000000000e-01 1.1359848682e+00
-9.0000000000e-01 3.0000000000e-01 1.1051709181e+00
-9.0000000000e-01 3.5000000000e-01 1.0698302596e+00
-9.0000000000e-01 4.0000000000e-01 1.0304545340e+00
-9.0000000000e-01 4.5000000000e-01 9.8757780049e-01
-9.0000000000e-01 5.0000000000e-01 9.4176453358e-01
-9.0000000000e-01 5.5000000000e-01 8.9359734711e-01
-9.0000000000e-01 6.0000000000e-01 8.4366481660e-01
-9.0000000000e-01 6.5000000000e-01 7.9254974935e-01
-9.0000000000e-01 7.0000000000e-01 7.4081822068e-01
-9.0000000000e-01 7.5000000000e-01 6.8900965156e-01
-9.0000000000e-01 8.0000000000e-01 6.3762815162e-01
-9.0000000000e-01 8.5000000000e-01 5.8713529511e-01
-9.0000000000e-01 9.0000000000e-01 5.3794443759e-01
-9.0000000000e-01 9.5000000000e-01 4.9041662208e-01
-9.0000000000e-01 1.0000000000e+00 4.4485806622e-01
-8.5000000000e-01 -1.0000000000e+00 4.8553689515e-01
-8.5000000000e-01 -9.5000000000e-01 5.3526142852e-01
-8.5000000000e-01 -9.0000000000e-01 5.8713529511e-01
-8.5000000000e-01 -8.5000000000e-01 6.4082427603e-01
-8.5000000000e-01 -8.0000000000e-01 6.9593431368e-01
-8.5000000000e-01 -7.5000000000e-01 7.5201425432e-01
-8.5000000000e-01 -7.0000000000e-01 8.0856031632e-01
-8.5000000000e-01 -6.5000000000e-01 8.6502229311e-01
-8.5000000000e-01 -6.0000000000e-01 9.2081143786e-01
-8.5000000000e-01 -5.5000000000e-01 9.7530991203e-01
-8.5000000000e-01 -5.0000000000e-01 1.0278816151e+00
-8.5000000000e-01 -4.5000000000e-01 1.0778841509e+00
-8.5000000000e-01 -4.0000000000e-01 1.1246816299e+00
-8.5000000000e-01 -3.5000000000e-01 1.1676579611e+00
-8.5000000000e-01 -3.0000000000e-01 1.2062302494e+00
-8.5000000000e-01 -2.5000000000e-01 1.2398618970e+00
-8.5000000000e-01 -2.0000000000e-01 1.2680749968e+00
-8.5000000000e-01 -1.5000000000e-01 1.2904616209e+00
-8.5000000000e-01 -1.0000000000e-01 1.3066936298e+00
-8.5000000000e-01 -5.0000000000e-02 1.3165306749e+00
-8.5000000000e-01 0.0000000000e+00 1.3198261191e+00
-8.5000000000e-01 5.0000000000e-02 1.3165306749e+00
-8.5000000000e-01 1.0000000000e-01 1.3066936298e+00
-8.5000000000e-01 1.5000000000e-01 1.2904616209e+00
-8.5000000000e-01 2.0000000000e-01 1.2680749968e+00
-8.5000000000e-01 2.5000000000e-01 1.2398618970e+00
-8.5000000000e-01 3.0000000000e-01 1.2062302494e+00
-8.5000000000e-01 3.5000000000e-01 1.1676579611e+00
-8.5000000000e-01 4.0000000000e-01 1.1246816299e+00
-8.5000000000e-01 4.5000000000e-01 1.0778841509e+00
-8.5000000000e-01 5.0000000000e-01 1.0278816151e+00
-8.5000000000e-01 5.5000000000e-01 9.7530991203e-01
-8.5000000000e-01 6.0000000000e-01 9.2081143786e-01
-8.5000000000e-01 6.5000000000e-01 8.6502229311e-01
-8.5000000000e-01 7.0000000000e-01 8.0856031632e-01
-8.5000000000e-01 7.5000000000e-01 7.5201425432e-01
-8.5000000000e-01 8.0000000000e-01 6.9593431368e-01
-8.5000000000e-01 8.5000000000e-01 6.4082427603e-01
-8.5000000000e-01 9.0000000000e-01 5.8713529511e-01
-8.5000000000e-01 9.5000000000e-01 5.3526142852e-01
-8.5000000000e-01 1.0000000000e+00 4.8553689515e-01
-8.0000000000e-01 -1.0000000000e+00 5.2729242404e-01
-8.0000000000e-01 -9.5000000000e-01 5.8129320131e-01
-8.0000000000e-01 -9.0000000000e-01 6.3762815162e-01
-8.0000000000e-01 -8.5000000000e-01 6.9593431368e-01
-8.0000000000e-01 -8.0000000000e-01 7.5578374146e-01
-8.0000000000e-01 -7.5000000000e-01 8.1668648260e-01
-8.0000000000e-01 -7.0000000000e-01 8.7809543092e-01
-8.0000000000e-01 -6.5000000000e-01 9.3941306281e-01
-8.0000000000e-01 -6.0000000000e-01 1.0000000000e+00
-8.0000000000e-01 -5.5000000000e-01 1.0591852707e+00
-8.0000000000e-01 -5.0000000000e-01 1.1162780705e+00
-8.0000000000e-01 -4.5000000000e-01 1.1705807580e+00
-8.0000000000e-01 -4.0000000000e-01 1.2214027582e+00
-8.0000000000e-01 -3.5000000000e-01 1.2680749968e+00
-8.0000000000e-01 -3.0000000000e-01 1.3099644507e+00
-8.0000000000e-01 -2.5000000000e-01 1.3464883754e+00
-8.0000000000e-01 -2.0000000000e-01 1.3771277643e+00
-8.0000000000e-01 -1.5000000000e-01 1.4014396084e+00
-8.0000000000e-01 -1.0000000000e-01 1.4190675486e+00
-8.0000000000e-01 -5.0000000000e-02 1.4297505664e+00
-8.0000000000e-01 0.0000000000e+00 1.4333294146e+00
-8.0000000000e-01 5.0000000000e-02 1.4297505664e+00
-8.0000000000e-01 1.0000000000e-01 1.4190675486e+00
-8.0000000000e-01 1.5000000000e-01 1.4014396084e+00
-8.0000000000e-01 2.0000000000e-01 1.3771277643e+00
-8.0000000000e-01 2.5000000000e-01 1.3464883754e+00
-8.0000000000e-01 3.0000000000e-01 1.3099644507e+00
-8.0000000000e-01 3.5000000000e-01 1.2680749968e+00
-8.0000000000e-01 4.0000000000e-01 1.2214027582e+00
-8.0000000000e-01 4.5000000000e-01 1.1705807580e+00
-8.0000000000e-01 5.0000000000e-01 1.1162780705e+00
-8.0000000000e-01 5.5000000000e-01 1.0591852707e+00
-8.0000000000e-01 6.0000000000e-01 1.0000000000e+00
-8.0000000000e-01 6.5000000000e-01 9.3941306281e-01
-8.0000000000e-01 7.0000000000e-01 8.7809543092e-01
-8.0000000000e-01 7.5000000000e-01 8.1668648260e-01
-8.0000000000e-01 8.0000000000e-01 7.5578374146e-01
-8.0000000000e-01 8.5000000000e-01 6.9593431368e-01
-8.0000000000e-01 9.0000000000e-01 6.3762815162e-01
-8.0000000000e-01 9.5000000000e-01 5.8129320131e-01
-8.0000000000e-01 1.0000000000e+00 5.2729242404e-01
-7.5000000000e-01 -1.0000000000e+00 5.6978282473e-01
-7.5000000000e-01 -9.5000000000e-01 6.2813510519e-01
-7.5000000000e-01 -9.0000000000e-01 6.8900965156e-01
-7.5000000000e-01 -8.5000000000e-01 7.5201425432e-01
-7.5000000000e-01 -8.0000000000e-01 8.1668648260e-01
-7.5000000000e-01 -7.5000000000e-01 8.8249690258e-01
-7.5000000000e-01 -7.0000000000e-01 9.4885432106e-01
-7.5000000000e-01 -6.5000000000e-01 1.0151130646e+00
-7.5000000000e-01 -6.0000000000e-01 1.0805822325e+00
-7.5000000000e-01 -5.5000000000e-01 1.1445367844e+00
-7.5000000000e-01 -5.0000000000e-01 1.2062302494e+00
-7.5000000000e-01 -4.5000000000e-01 1.2649087687e+00
-7.5000000000e-01 -4.0000000000e-01 1.3198261191e+00
-7.5000000000e-01 -3.5000000000e-01 1.3702593110e+00
-7.5000000000e-01 -3.0000000000e-01 1.4155243106e+00
-7.5000000000e-01 -2.5000000000e-01 1.4549914146e+00
-7.5000000000e-01 -2.0000000000e-01 1.4880997940e+00
-7.5000000000e-01 -1.5000000000e-01 1.5143707407e+00
-7.5000000000e-01 -1.0000000000e-01 1.5334191797e+00
-7.5000000000e-01 -5.0000000000e-02 1.5449630590e+00
-7.5000000000e-01 0.0000000000e+00 1.5488302986e+00
-7.5000000000e-01 5.0000000000e-02 1.5449630590e+00
-7.5000000000e-01 1.0000000000e-01 1.5334191797e+00
-7.5000000000e-01 1.5000000000e-01 1.5143707407e+00
-7.5000000000e-01 2.0000000000e-01 1.4880997940e+00
-7.5000000000e-01 2.5000000000e-01 1.4549914146e+00
-7.5000000000e-01 3.0000000000e-01 1.4155243106e+00
-7.5000000000e-01 3.5000000000e-01 1.3702593110e+00
-7.5000000000e-01 4.0000000000e-01 1.3198261191e+00
-7.5000000000e-01 4.5000000000e-01 1.2649087687e+00
-7.5000000000e-01 5.0000000000e-01 1.2062302494e+00
-7.5000000000e-01 5.5000000000e-01 1.1445367844e+00
-7.5000000000e-01 6.0000000000e-01 1.0805822325e+00
-7.5000000000e-01 6.5000000000e-01 1.0151130646e+00
-7.5000000000e-01 7.0000000000e-01 9.4885432106e-01
-7.5000000000e-01 7.5000000000e-01 8.8249690258e-01
-7.5000000000e-01 8.0000000000e-01 8.1668648260e-01
-7.5000000000e-01 8.5000000000e-01 7.5201425432e-01
-7.5000000000e-01 9.0000000000e-01 6.8900965156e-01
-7.5000000000e-01 9.5000000000e-01 6.2813510519e-01
-7.5000000000e-01 1.0000000000e+00 5.6978282473e-01
-7.0000000000e-01 -1.0000000000e+00 6.1262639418e-01
-7.0000000000e-01 -9.5000000000e-01 6.7536634635e-01
-7.0000000000e-01 -9.0000000000e-01 7.4081822068e-01
-7.0000000000e-01 -8.5000000000e-01 8.0856031632e-01
-7.0000000000e-01 -8.0000000000e-01 8.7809543092e-01
-7.0000000000e-01 -7.5000000000e-01 9.4885432106e-01
-7.0000000000e-01 -7.0000000000e-01 1.0202013400e+00
-7.0000000000e-01 -6.5000000000e-01 1.0914422644e+00
-7.0000000000e-01 -6.0000000000e-01 1.1618342427e+00
-7.0000000000e-01 -5.5000000000e-01 1.2305977168e+00
-7.0000000000e-01 -5.0000000000e-01 1.2969300867e+00
-7.0000000000e-01 -4.5000000000e-01 1.3600208085e+00
-7.0000000000e-01 -4.0000000000e-01 1.4190675486e+00
-7.0000000000e-01 -3.5000000000e-01 1.4732929536e+00
-7.0000000000e-01 -3.0000000000e-01 1.5219615556e+00
-7.0000000000e-01 -2.5000000000e-01 1.5643963019e+00
-7.0000000000e-01 -2.0000000000e-01 1.5999941932e+00
-7.0000000000e-01 -1.5000000000e-01 1.6282405261e+00
-7.0000000000e-01 -1.0000000000e-01 1.6487212707e+00
-7.0000000000e-01 -5.0000000000e-02 1.6611331667e+00
-7.0000000000e-01 0.0000000000e+00 1.6652911949e+00
-7.0000000000e-01 5.0000000000e-02 1.6611331667e+00
-7.0000000000e-01 1.0000000000e-01 1.6487212707e+00
-7.0000000000e-01 1.5000000000e-01 1.6282405261e+00
-7.0000000000e-01 2.0000000000e-01 1.5999941932e+00
-7.0000000000e-01 2.5000000000e-01 1.5643963019e+00
-7.0000000000e-01 3.0000000000e-01 1.5219615556e+00
-7.0000000000e-01 3.5000000000e-01 1.4732929536e+00
-7.0000000000e-01 4.0000000000e-01 1.4190675486e+00
-7.0000000000e-01 4.5000000000e-01 1.3600208085e+00
-7.0000000000e-01 5.0000000000e-01 1.2969300867e+00
-7.0000000000e-01 5.5000000000e-01 1.2305977168e+00
-7.0000000000e-01 6.0000000000e-01 1.1618342427e+00
-7.0000000000e-01 6.5000000000e-01 1.0914422644e+00
-7.0000000000e-01 7.0000000000e-01 1.0202013400e+00
-7.0000000000e-01 7.5000000000e-01 9.4885432106e-01
-7.0000000000e-01 8.0000000000e-01 8.7809543092e-01
-7.0000000000e-01 8.5000000000e-01 8.0856031632e-01
-7.0000000000e-01 9.0000000000e-01 7.4081822068e-01
-7.0000000000e-01 9.5000000000e-01 6.7536634635e-01
-7.0000000000e-01 1.0000000000e+00 6.1262639418e-01
-6.5000000000e-01 -1.0000000000e+00 6.5540625433e-01
-6.5000000000e-01 -9.5000000000e-01 7.2252735364e-01
-6.5000000000e-01 -9.0000000000e-01 7.9254974935e-01
-6.5000000000e-01 -8.5000000000e-01 8.6502229311e-01
-6.5000000000e-01 -8.0000000000e-01 9.3941306281e-01
-6.5000000000e-01 -7.5000000000e-01 1.0151130646e+00
-6.5000000000e-01 -7.0000000000e-01 1.0914422644e+00
-6.5000000000e-01 -6.5000000000e-01 1.1676579611e+00
-6.5000000000e-01 -6.0000000000e-01 1.2429654295e+00
-6.5000000000e-01 -5.5000000000e-01 1.3165306749e+00
-6.5000000000e-01 -5.0000000000e-01 1.3874950513e+00
-6.5000000000e-01 -4.5000000000e-01 1.4549914146e+00
-6.5000000000e-01 -4.0000000000e-01 1.5181614039e+00
-6.5000000000e-01 -3.5000000000e-01 1.5761733830e+00
-6.5000000000e-01 -3.0000000000e-01 1.6282405261e+00
-6.5000000000e-01 -2.5000000000e-01 1.6736385018e+00
-6.5000000000e-01 -2.0000000000e-01 1.7117222031e+00
-6.5000000000e-01 -1.5000000000e-01 1.7419409848e+00
-6.5000000000e-01 -1.0000000000e-01 1.7638519050e+00
-6.5000000000e-01 -5.0000000000e-02 1.7771305269e+00
-6.5000000000e-01 0.0000000000e+00 1.7815789114e+00
-6.5000000000e-01 5.0000000000e-02 1.7771305269e+00
-6.5000000000e-01 1.0000000000e-01 1.7638519050e+00
-6.5000000000e-01 1.5000000000e-01 1.7419409848e+00
-6.5000000000e-01 2.0000000000e-01 1.7117222031e+00
-6.5000000000e-01 2.5000000000e-01 1.6736385018e+00
-6.5000000000e-01 3.0000000000e-01 1.6282405261e+00
-6.5000000000e-01 3.5000000000e-01 1.5761733830e+00
-6.5000000000e-01 4.0000000000e-01 1.5181614039e+00
-6.5000000000e-01 4.5000000000e-01 1.4549914146e+00
-6.5000000000e-01 5.0000000000e-01 1.3874950513e+00
-6.5000000000e-01 5.5000000000e-01 1.3165306749e+00
-6.5000000000e-01 6.0000000000e-01 1.2429654295e+00
-6.5000000000e-01 6.5000000000e-01 1.1676579611e+00
-6.5000000000e-01 7.0000000000e-01 1.0914422644e+00
-6.5000000000e-01 7.5000000000e-01 1.0151130646e+00
-6.5000000000e-01 8.0000000000e-01 9.3941306281e-01
-6.5000000000e-01 8.5000000000e-01 8.6502229311e-01
-6.5000000000e-01 9.0000000000e-01 7.9254974935e-01
-6.5000000000e-01 9.5000000000e-01 7.2252735364e-01
-6.5000000000e-01 1.0000000000e+00 6.5540625433e-01
-6.0000000000e-01 -1.0000000000e+00 6.9767632607e-01
-6.0000000000e-01 -9.5000000000e-01 7.6912636437e-01
-6.0000000000e-01 -9.0000000000e-01 8.4366481660e-01
-6.0000000000e-01 -8.5000000000e-01 9.2081143786e-01
-6.0000000000e-01 -8.0000000000e-01 1.0000000000e+00
-6.0000000000e-01 -7.5000000000e-01 1.0805822325e+00
-6.0000000000e-01 -7.0000000000e-01 1.1618342427e+00
-6.0000000000e-01 -6.5000000000e-01 1.2429654295e+00
-6.0000000000e-01 -6.0000000000e-01 1.3231298123e+00
-6.0000000000e-01 -5.5000000000e-01 1.4014396084e+00
-6.0000000000e-01 -5.0000000000e-01 1.4769807939e+00
-6.0000000000e-01 -4.5000000000e-01 1.5488302986e+00
-6.0000000000e-01 -4.0000000000e-01 1.6160744022e+00
-6.0000000000e-01 -3.5000000000e-01 1.6778278325e+00
-6.0000000000e-01 -3.0000000000e-01 1.7332530179e+00
-6.0000000000e-01 -2.5000000000e-01 1.7815789114e+00
-6.0000000000e-01 -2.0000000000e-01 1.8221188004e+00
-6.0000000000e-01 -1.5000000000e-01 1.8542865261e+00
-6.0000000000e-01 -1.0000000000e-01 1.8776105793e+00
-6.0000000000e-01 -5.0000000000e-02 1.8917455987e+00
-6.0000000000e-01 0.0000000000e+00 1.8964808793e+00
-6.0000000000e-01 5.0000000000e-02 1.8917455987e+00
-6.0000000000e-01 1.0000000000e-01 1.8776105793e+00
-6.0000000000e-01 1.5000000000e-01 1.8542865261e+00
-6.0000000000e-01 2.0000000000e-01 1.8221188004e+00
-6.0000000000e-01 2.5000000000e-01 1.7815789114e+00
-6.0000000000e-01 3.0000000000e-01 1.7332530179e+00
-6.0000000000e-01 3.5000000000e-01 1.6778278325e+00
-6.0000000000e-01 4.0000000000e-01 1.6160744022e+00
-6.0000000000e-01 4.5000000000e-01 1.5488302986e+00
-6.0000000000e-01 5.0000000000e-01 1.4769807939e+00
-6.0000000000e-01 5.5000000000e-01 1.4014396084e+00
-6.0000000000e-01 6.0000000000e-01 1.3231298123e+00
-6.0000000000e-01 6.5000000000e-01 1.2429654295e+00
-6.0000000000e-01 7.0000000000e-01 1.1618342427e+00
-6.0000000000e-01 7.5000000000e-01 1.0805822325e+00
-6.0000000000e-01 8.0000000000e-01 1.0000000000e+00
-6.0000000000e-01 8.5000000000e-01 9.2081143786e-01
-6.0000000000e-01 9.0000000000e-01 8.4366481660e-01
-6.0000000000e-01 9.5000000000e-01 7.6912636437e-01
-6.0000000000e-01 1.0000000000e+00 6.9767632607e-01
-5.5000000000e-01 -1.0000000000e+00 7.3896848826e-01
-5.5000000000e-01 -9.5000000000e-01 8.1464731641e-01
-5.5000000000e-01 -9.0000000000e-01 8.9359734711e-01
-5.5000000000e-01 -8.5000000000e-01 9.7530991203e-01
-5.5000000000e-01 -8.0000000000e-01 1.0591852707e+00
-5.5000000000e-01 -7.5000000000e-01 1.1445367844e+00
-5.5000000000e-01 -7.0000000000e-01 1.2305977168e+00
-5.5000000000e-01 -6.5000000000e-01 1.3165306749e+00
-5.5000000000e-01 -6.0000000000e-01 1.4014396084e+00
-5.5000000000e-01 -5.5000000000e-01 1.4843841909e+00
-5.5000000000e-01 -5.0000000000e-01 1.5643963019e+00
-5.5000000000e-01 -4.5000000000e-01 1.6404982391e+00
-5.5000000000e-01 -4.0000000000e-01 1.7117222031e+00
-5.5000000000e-01 -3.5000000000e-01 1.7771305269e+00
-5.5000000000e-01 -3.0000000000e-01 1.8358360668e+00
-5.5000000000e-01 -2.5000000000e-01 1.8870221415e+00
-5.5000000000e-01 -2.0000000000e-01 1.9299613948e+00
-5.5000000000e-01 -1.5000000000e-01 1.9640329760e+00
-5.5000000000e-01 -1.0000000000e-01 1.9887374696e+00
-5.5000000000e-01 -5.0000000000e-02 2.0037090739e+00
-5.5000000000e-01 0.0000000000e+00 2.0087246134e+00
-5.5000000000e-01 5.0000000000e-02 2.0037090739e+00
-5.5000000000e-01 1.0000000000e-01 1.9887374696e+00
-5.5000000000e-01 1.5000000000e-01 1.9640329760e+00
-5.5000000000e-01 2.0000000000e-01 1.9299613948e+00
-5.5000000000e-01 2.5000000000e-01 1.8870221415e+00
-5.5000000000e-01 3.0000000000e-01 1.8358360668e+00
-5.5000000000e-01 3.5000000000e-01 1.7771305269e+00
-5.5000000000e-01 4.0000000000e-01 1.7117222031e+00
-5.5000000000e-01 4.5000000000e-01 1.6404982391e+00
-5.5000000000e-01 5.0000000000e-01 1.5643963019e+00
-5.5000000000e-01 5.5000000000e-01 1.4843841909e+00
-5.5000000000e-01 6.0000000000e-01 1.4014396084e+00
-5.5000000000e-01 6.5000000000e-01 1.3165306749e+00
-5.5000000000e-01 7.0000000000e-01 1.2305977168e+00
-5.5000000000e-01 7.5000000000e-01 1.1445367844e+00
-5.5000000000e-01 8.0000000000e-01 1.0591852707e+00
-5.5000000000e-01 8.5000000000e-01 9.7530991203e-01
-5.5000000000e-01 9.0000000000e-01 8.9359734711e-01
-5.5000000000e-01 9.5000000000e-01 8.1464731641e-01
-5.5000000000e-01 1.0000000000e+00 7.3896848826e-01
-5.0000000000e-01 -1.0000000000e+00 7.7880078307e-01
-5.0000000000e-01 -9.5000000000e-01 8.5855889396e-01
-5.0000000000e-01 -9.0000000000e-01 9.4176453358e-01
-5.0000000000e-01 -8.5000000000e-01 1.0278816151e+00
-5.0000000000e-01 -8.0000000000e-01 1.1162780705e+00
-5.0000000000e-01 -7.5000000000e-01 1.2062302494e+00
-5.0000000000e-01 -7.0000000000e-01 1.2969300867e+00
-5.0000000000e-01 -6.5000000000e-01 1.3874950513e+00
-5.0000000000e-01 -6.0000000000e-01 1.4769807939e+00
-5.0000000000e-01 -5.5000000000e-01 1.5643963019e+00
-5.0000000000e-01 -5.0000000000e-01 1.6487212707e+00
-5.0000000000e-01 -4.5000000000e-01 1.7289252972e+00
-5.0000000000e-01 -4.0000000000e-01 1.8039884154e+00
-5.0000000000e-01 -3.5000000000e-01 1.8729224155e+00
-5.0000000000e-01 -3.0000000000e-01 1.9347923344e+00
-5.0000000000e-01 -2.5000000000e-01 1.9887374696e+00
-5.0000000000e-01 -2.0000000000e-01 2.0339912586e+00
-5.0000000000e-01 -1.5000000000e-01 2.0698993854e+00
-5.0000000000e-01 -1.0000000000e-01 2.0959355145e+00
-5.0000000000e-01 -5.0000000000e-02 2.1117141267e+00
-5.0000000000e-01 0.0000000000e+00 2.1170000166e+00
-5.0000000000e-01 5.0000000000e-02 2.1117141267e+00
-5.0000000000e-01 1.0000000000e-01 2.0959355145e+00
-5.0000000000e-01 1.5000000000e-01 2.0698993854e+00
-5.0000000000e-01 2.0000000000e-01 2.0339912586e+00
-5.0000000000e-01 2.5000000000e-01 1.9887374696e+00
-5.0000000000e-01 3.0000000000e-01 1.9347923344e+00
-5.0000000000e-01 3.5000000000e-01 1.8729224155e+00
-5.0000000000e-01 4.0000000000e-01 1.8039884154e+00
-5.0000000000e-01 4.5000000000e-01 1.7289252972e+00
-5.0000000000e-01 5.0000000000e-01 1.6487212707e+00
-5.0000000000e-01 5.5000000000e-01 1.5643963019e+00
-5.0000000000e-01 6.0000000000e-01 1.4769807939e+00
-5.0000000000e-01 6.5000000000e-01 1.3874950513e+00
-5.0000000000e-01 7.0000000000e-01 1.2969300867e+00
-5.0000000000e-01 7.5000000000e-01 1.2062302494e+00
-5.0000000000e-01 8.0000000000e-01 1.1162780705e+00
-5.0000000000e-01 8.5000000000e-01 1.0278816151e+00
-5.0000000000e-01 9.0000000000e-01 9.4176453358e-01
-5.0000000000e-01 9.5000000000e-01 8.5855889396e-01
-5.0000000000e-01 1.0000000000e+00 7.7880078307e-01
-4.5000000000e-01 -1.0000000000e+00 8.1668648260e-01
-4.5000000000e-01 -9.5000000000e-01 9.0032452259e-01
-4.5000000000e-01 -9.0000000000e-01 9.8757780049e-01
-4.5000000000e-01 -8.5000000000e-01 1.0778841509e+00
-4.5000000000e-01 -8.0000000000e-01 1.1705807580e+00
-4.5000000000e-01 -7.5000000000e-01 1.2649087687e+00
-4.5000000000e-01 -7.0000000000e-01 1.3600208085e+00
-4.5000000000e-01 -6.5000000000e-01 1.4549914146e+00
-4.5000000000e-01 -6.0000000000e-01 1.5488302986e+00
-4.5000000000e-01 -5.5000000000e-01 1.6404982391e+00
-4.5000000000e-01 -5.0000000000e-01 1.7289252972e+00
-4.5000000000e-01 -4.5000000000e-01 1.8130309450e+00
-4.5000000000e-01 -4.0000000000e-01 1.8917455987e+00
-4.5000000000e-01 -3.5000000000e-01 1.9640329760e+00
-4.5000000000e-01 -3.0000000000e-01 2.0289126314e+00
-4.5000000000e-01 -2.5000000000e-01 2.0854819925e+00
-4.5000000000e-01 -2.0000000000e-01 2.1329372065e+00
-4.5000000000e-01 -1.5000000000e-01 2.1705921272e+00
-4.5000000000e-01 -1.0000000000e-01 2.1978948151e+00
-4.5000000000e-01 -5.0000000000e-02 2.2144409968e+00
-4.5000000000e-01 0.0000000000e+00 2.2199840252e+00
-4.5000000000e-01 5.0000000000e-02 2.2144409968e+00
-4.5000000000e-01 1.0000000000e-01 2.1978948151e+00
-4.5000000000e-01 1.5000000000e-01 2.1705921272e+00
-4.5000000000e-01 2.0000000000e-01 2.1329372065e+00
-4.5000000000e-01 2.5000000000e-01 2.0854819925e+00
-4.5000000000e-01 3.0000000000e-01 2.0289126314e+00
-4.5000000000e-01 3.5000000000e-01 1.9640329760e+00
-4.5000000000e-01 4.0000000000e-01 1.8917455987e+00
-4.5000000000e-01 4.5000000000e-01 1.8130309450e+00
-4.5000000000e-01 5.0000000000e-01 1.7289252972e+00
-4.5000000000e-01 5.5000000000e-01 1.6404982391e+00
-4.5000000000e-01 6.0000000000e-01 1.5488302986e+00
-4.5000000000e-01 6.5000000000e-01 1.4549914146e+00
-4.5000000000e-01 7.0000000000e-01 1.3600208085e+00
-4.5000000000e-01 7.5000000000e-01 1.2649087687e+00
-4.5000000000e-01 8.0000000000e-01 1.1705807580e+00
-4.5000000000e-01 8.5000000000e-01 1.0778841509e+00
-4.5000000000e-01 9.0000000000e-01 9.8757780049e-01
-4.5000000000e-01 9.5000000000e-01 9.0032452259e-01
-4.5000000000e-01 1.0000000000e+00 8.1668648260e-01
-4.0000000000e-01 -1.0000000000e+00 8.5214378897e-01
-4.0000000000e-01 -9.5000000000e-01 9.3941306281e-01
-4.0000000000e-01 -9.0000000000e-01 1.0304545340e+00
-4.0000000000e-01 -8.5000000000e-01 1.1246816299e+00
-4.0000000000e-01 -8.0000000000e-01 1.2214027582e+00
-4.0000000000e-01 -7.5000000000e-01 1.3198261191e+00
-4.0000000000e-01 -7.0000000000e-01 1.4190675486e+00
-4.0000000000e-01 -6.5000000000e-01 1.5181614039e+00
-4.0000000000e-01 -6.0000000000e-01 1.6160744022e+00
-4.0000000000e-01 -5.5000000000e-01 1.7117222031e+00
-4.0000000000e-01 -5.0000000000e-01 1.8039884154e+00
-4.0000000000e-01 -4.5000000000e-01 1.8917455987e+00
-4.0000000000e-01 -4.0000000000e-01 1.9738777322e+00
-4.0000000000e-01 -3.5000000000e-01 2.0493035424e+00
-4.0000000000e-01 -3.0000000000e-01 2.1170000166e+00
-4.0000000000e-01 -2.5000000000e-01 2.1760253963e+00
-4.0000000000e-01 -2.0000000000e-01 2.2255409285e+00
-4.0000000000e-01 -1.5000000000e-01 2.2648306773e+00
-4.0000000000e-01 -1.0000000000e-01 2.2933187403e+00
-4.0000000000e-01 -5.0000000000e-02 2.3105832920e+00
-4.0000000000e-01 0.0000000000e+00 2.3163669768e+00
-4.0000000000e-01 5.0000000000e-02 2.3105832920e+00
-4.0000000000e-01 1.0000000000e-01 2.2933187403e+00
-4.0000000000e-01 1.5000000000e-01 2.2648306773e+00
-4.0000000000e-01 2.0000000000e-01 2.2255409285e+00
-4.0000000000e-01 2.5000000000e-01 2.1760253963e+00
-4.0000000000e-01 3.0000000000e-01 2.1170000166e+00
-4.0000000000e-01 3.5000000000e-01 2.0493035424e+00
-4.0000000000e-01 4.0000000000e-01 1.9738777322e+00
-4.0000000000e-01 4.5000000000e-01 1.8917455987e+00
-4.0000000000e-01 5.0000000000e-01 1.8039884154e+00
-4.0000000000e-01 5.5000000000e-01 1.7117222031e+00
-4.0000000000e-01 6.0000000000e-01 1.6160744022e+00
-4.0000000000e-01 6.5000000000e-01 1.5181614039e+00
-4.0000000000e-01 7.0000000000e-01 1.4190675486e+00
-4.0000000000e-01 7.5000000000e-01 1.3198261191e+00
-4.0000000000e-01 8.0000000000e-01 1.2214027582e+00
-4.0000000000e-01 8.5000000000e-01 1.1246816299e+00
-4.0000000000e-01 9.0000000000e-01 1.0304545340e+00
-4.0000000000e-01 9.5000000000e-01 9.3941306281e-01
-4.0000000000e-01 1.0000000000e+00 8.5214378897e-01
-3.5000000000e-01 -1.0000000000e+00 8.8470590494e-01
-3.5000000000e-01 -9.5000000000e-01 9.7530991203e-01
-3.5000000000e-01 -9.0000000000e-01 1.0698302596e+00
-3.5000000000e-01 -8.5000000000e-01 1.1676579611e+00
-3.5000000000e-01 -8.0000000000e-01 1.2680749968e+00
-3.5000000000e-01 -7.5000000000e-01 1.3702593110e+00
-3.5000000000e-01 -7.0000000000e-01 1.4732929536e+00
-3.5000000000e-01 -6.5000000000e-01 1.5761733830e+00
-3.5000000000e-01 -6.0000000000e-01 1.6778278325e+00
-3.5000000000e-01 -5.5000000000e-01 1.7771305269e+00
-3.5000000000e-01 -5.0000000000e-01 1.8729224155e+00
-3.5000000000e-01 -4.5000000000e-01 1.9640329760e+00
-3.5000000000e-01 -4.0000000000e-01 2.0493035424e+00
-3.5000000000e-01 -3.5000000000e-01 2.1276115234e+00
-3.5000000000e-01 -3.0000000000e-01 2.1978948151e+00
-3.5000000000e-01 -2.5000000000e-01 2.2591756723e+00
-3.5000000000e-01 -2.0000000000e-01 2.3105832920e+00
-3.5000000000e-01 -1.5000000000e-01 2.3513743806e+00
-3.5000000000e-01 -1.0000000000e-01 2.3809510293e+00
-3.5000000000e-01 -5.0000000000e-02 2.3988752940e+00
-3.5000000000e-01 0.0000000000e+00 2.4048799849e+00
-3.5000000000e-01 5.0000000000e-02 2.3988752940e+00
-3.5000000000e-01 1.0000000000e-01 2.3809510293e+00
-3.5000000000e-01 1.5000000000e-01 2.3513743806e+00
-3.5000000000e-01 2.0000000000e-01 2.3105832920e+00
-3.5000000000e-01 2.5000000000e-01 2.2591756723e+00
-3.5000000000e-01 3.0000000000e-01 2.1978948151e+00
-3.5000000000e-01 3.5000000000e-01 2.1276115234e+00
-3.5000000000e-01 4.0000000000e-01 2.0493035424e+00
-3.5000000000e-01 4.5000000000e-01 1.9640329760e+00
-3.5000000000e-01 5.0000000000e-01 1.8729224155e+00
-3.5000000000e-01 5.5000000000e-01 1.7771305269e+00
-3.5000000000e-01 6.0000000000e-01 1.6778278325e+00
-3.5000000000e-01 6.5000000000e-01 1.5761733830e+00
-3.5000000000e-01 7.0000000000e-01 1.4732929536e+00
-3.5000000000e-01 7.5000000000e-01 1.3702593110e+00
-3.5000000000e-01 8.0000000000e-01 1.2680749968e+00
-3.5000000000e-01 8.5000000000e-01 1.1676579611e+00
-3.5000000000e-01 9.0000000000e-01 1.0698302596e+00
-3.5000000000e-01 9.5000000000e-01 9.7530991203e-01
-3.5000000000e-01 1.0000000000e+00 8.8470590494e-01
-3.0000000000e-01 -1.0000000000e+00 9.1393118527e-01
-3.0000000000e-01 -9.5000000000e-01 1.0075281954e+00
-3.0000000000e-01 -9.0000000000e-01 1.1051709181e+00
-3.0000000000e-01 -8.5000000000e-01 1.2062302494e+00
-3.0000000000e-01 -8.0000000000e-01 1.3099644507e+00
-3.0000000000e-01 -7.5000000000e-01 1.4155243106e+00
-3.0000000000e-01 -7.0000000000e-01 1.5219615556e+00
-3.0000000000e-01 -6.5000000000e-01 1.6282405261e+00
-3.0000000000e-01 -6.0000000000e-01 1.7332530179e+00
-3.0000000000e-01 -5.5000000000e-01 1.8358360668e+00
-3.0000000000e-01 -5.0000000000e-01 1.9347923344e+00
-3.0000000000e-01 -4.5000000000e-01 2.0289126314e+00
-3.0000000000e-01 -4.0000000000e-01 2.1170000166e+00
-3.0000000000e-01 -3.5000000000e-01 2.1978948151e+00
-3.0000000000e-01 -3.0000000000e-01 2.2704998375e+00
-3.0000000000e-01 -2.5000000000e-01 2.3338050401e+00
-3.0000000000e-01 -2.0000000000e-01 2.3869108535e+00
-3.0000000000e-01 -1.5000000000e-01 2.4290494306e+00
-3.0000000000e-01 -1.0000000000e-01 2.4596031112e+00
-3.0000000000e-01 -5.0000000000e-02 2.4781194841e+00
-3.0000000000e-01 0.0000000000e+00 2.4843225334e+00
-3.0000000000e-01 5.0000000000e-02 2.4781194841e+00
-3.0000000000e-01 1.0000000000e-01 2.4596031112e+00
-3.0000000000e-01 1.5000000000e-01 2.4290494306e+00
-3.0000000000e-01 2.0000000000e-01 2.3869108535e+00
-3.0000000000e-01 2.5000000000e-01 2.3338050401e+00
-3.0000000000e-01 3.0000000000e-01 2.2704998375e+00
-3.0000000000e-01 3.5000000000e-01 2.1978948151e+00
-3.0000000000e-01 4.0000000000e-01 2.1170000166e+00
-3.0000000000e-01 4.5000000000e-01 2.0289126314e+00
-3.0000000000e-01 5.0000000000e-01 1.9347923344e+00
-3.0000000000e-01 5.5000000000e-01 1.8358360668e+00
-3.0000000000e-01 6.0000000000e-01 1.7332530179e+00
-3.0000000000e-01 6.5000000000e-01 1.6282405261e+00
-3.0000000000e-01 7.0000000000e-01 1.5219615556e+00
-3.0000000000e-01 7.5000000000e-01 1.4155243106e+00
-3.0000000000e-01 8.0000000000e-01 1.3099644507e+00
-3.0000000000e-01 8.5000000000e-01 1.2062302494e+00
-3.0000000000e-01 9.0000000000e-01 1.1051709181e+00
-3.0000000000e-01 9.5000000000e-01 1.0075281954e+00
-3.0000000000e-01 1.0000000000e+00 9.1393118527e-01
-2.5000000000e-01 -1.0000000000e+00 9.3941306281e-01
-2.5000000000e-01 -9.5000000000e-01 1.0356197088e+00
-2.5000000000e-01 -9.0000000000e-01 1.1359848682e+00
-2.5000000000e-01 -8.5000000000e-01 1.2398618970e+00
-2.5000000000e-01 -8.0000000000e-01 1.3464883754e+00
-2.5000000000e-01 -7.5000000000e-01 1.4549914146e+00
-2.5000000000e-01 -7.0000000000e-01 1.5643963019e+00
-2.5000000000e-01 -6.5000000000e-01 1.6736385018e+00
-2.5000000000e-01 -6.0000000000e-01 1.7815789114e+00
-2.5000000000e-01 -5.5000000000e-01 1.8870221415e+00
-2.5000000000e-01 -5.0000000000e-01 1.9887374696e+00
-2.5000000000e-01 -4.5000000000e-01 2.0854819925e+00
-2.5000000000e-01 -4.0000000000e-01 2.1760253963e+00
-2.5000000000e-01 -3.5000000000e-01 2.2591756723e+00
-2.5000000000e-01 -3.0000000000e-01 2.3338050401e+00
-2.5000000000e-01 -2.5000000000e-01 2.3988752940e+00
-2.5000000000e-01 -2.0000000000e-01 2.4534617832e+00
-2.5000000000e-01 -1.5000000000e-01 2.4967752519e+00
-2.5000000000e-01 -1.0000000000e-01 2.5281808184e+00
-2.5000000000e-01 -5.0000000000e-02 2.5472134577e+00
-2.5000000000e-01 0.0000000000e+00 2.5535894581e+00
-2.5000000000e-01 5.0000000000e-02 2.5472134577e+00
-2.5000000000e-01 1.0000000000e-01 2.5281808184e+00
-2.5000000000e-01 1.5000000000e-01 2.4967752519e+00
-2.5000000000e-01 2.0000000000e-01 2.4534617832e+00
-2.5000000000e-01 2.5000000000e-01 2.3988752940e+00
-2.5000000000e-01 3.0000000000e-01 2.3338050401e+00
-2.5000000000e-01 3.5000000000e-01 2.2591756723e+00
-2.5000000000e-01 4.0000000000e-01 2.1760253963e+00
-2.5000000000e-01 4.5000000000e-01 2.0854819925e+00
-2.5000000000e-01 5.0000000000e-01 1.9887374696e+00
-2.5000000000e-01 5.5000000000e-01 1.8870221415e+00
-2.5000000000e-01 6.0000000000e-01 1.7815789114e+00
-2.5000000000e-01 6.5000000000e-01 1.6736385018e+00
-2.5000000000e-01 7.0000000000e-01 1.5643963019e+00
-2.5000000000e-01 7.5000000000e-01 1.4549914146e+00
-2.5000000000e-01 8.0000000000e-01 1.3464883754e+00
-2.5000000000e-01 8.5000000000e-01 1.2398618970e+00
-2.5000000000e-01 9.0000000000e-01 1.1359848682e+00
-2.5000000000e-01 9.5000000000e-01 1.0356197088e+00
-2.5000000000e-01 1.0000000000e+00 9.3941306281e-01
-2.0000000000e-01 -1.0000000000e+00 9.6078943915e-01
-2.0000000000e-01 -9.5000000000e-01 1.0591852707e+00
-2.0000000000e-01 -9.0000000000e-01 1.1618342427e+00
-2.0000000000e-01 -8.5000000000e-01 1.2680749968e+00
-2.0000000000e-01 -8.0000000000e-01 1.3771277643e+00
-2.0000000000e-01 -7.5000000000e-01 1.4880997940e+00
-2.0000000000e-01 -7.0000000000e-01 1.5999941932e+00
-2.0000000000e-01 -6.5000000000e-01 1.7117222031e+00
-2.0000000000e-01 -6.0000000000e-01 1.8221188004e+00
-2.0000000000e-01 -5.5000000000e-01 1.9299613948e+00
-2.0000000000e-01 -5.0000000000e-01 2.0339912586e+00
-2.0000000000e-01 -4.5000000000e-01 2.1329372065e+00
-2.0000000000e-01 -4.0000000000e-01 2.2255409285e+00
-2.0000000000e-01 -3.5000000000e-01 2.3105832920e+00
-2.0000000000e-01 -3.0000000000e-01 2.3869108535e+00
-2.0000000000e-01 -2.5000000000e-01 2.4534617832e+00
-2.0000000000e-01 -2.0000000000e-01 2.5092903899e+00
-2.0000000000e-01 -1.5000000000e-01 2.5535894581e+00
-2.0000000000e-01 -1.0000000000e-01 2.5857096593e+00
-2.0000000000e-01 -5.0000000000e-02 2.6051753870e+00
-2.0000000000e-01 0.0000000000e+00 2.6116964734e+00
-2.0000000000e-01 5.0000000000e-02 2.6051753870e+00
-2.0000000000e-01 1.0000000000e-01 2.5857096593e+00
-2.0000000000e-01 1.5000000000e-01 2.5535894581e+00
-2.0000000000e-01 2.0000000000e-01 2.5092903899e+00
-2.0000000000e-01 2.5000000000e-01 2.4534617832e+00
-2.0000000000e-01 3.0000000000e-01 2.3869108535e+00
-2.0000000000e-01 3.5000000000e-01 2.3105832920e+00
-2.0000000000e-01 4.0000000000e-01 2.2255409285e+00
-2.0000000000e-01 4.5000000000e-01 2.1329372065e+00
-2.0000000000e-01 5.0000000000e-01 2.0339912586e+00
-2.0000000000e-01 5.5000000000e-01 1.9299613948e+00
-2.0000000000e-01 6.0000000000e-01 1.8221188004e+00
-2.0000000000e-01 6.5000000000e-01 1.7117222031e+00
-2.0000000000e-01 7.0000000000e-01 1.5999941932e+00
-2.0000000000e-01 7.5000000000e-01 1.4880997940e+00
-2.0000000000e-01 8.0000000000e-01 1.3771277643e+00
-2.0000000000e-01 8.5000000000e-01 1.2680749968e+00
-2.0000000000e-01 9.0000000000e-01 1.1618342427e+00
-2.0000000000e-01 9.5000000000e-01 1.0591852707e+00
-2.0000000000e-01 1.0000000000e+00 9.6078943915e-01
-1.5000000000e-01 -1.0000000000e+00 9.7775123719e-01
-1.5000000000e-01 -9.5000000000e-01 1.0778841509e+00
-1.5000000000e-01 -9.0000000000e-01 1.1823452902e+00
-1.5000000000e-01 -8.5000000000e-01 1.2904616209e+00
-1.5000000000e-01 -8.0000000000e-01 1.4014396084e+00
-1.5000000000e-01 -7.5000000000e-01 1.5143707407e+00
-1.5000000000e-01 -7.0000000000e-01 1.6282405261e+00
-1.5000000000e-01 -6.5000000000e-01 1.7419409848e+00
-1.5000000000e-01 -6.0000000000e-01 1.8542865261e+00
-1.5000000000e-01 -5.5000000000e-01 1.9640329760e+00
-1.5000000000e-01 -5.0000000000e-01 2.0698993854e+00
-1.5000000000e-01 -4.5000000000e-01 2.1705921272e+00
-1.5000000000e-01 -4.0000000000e-01 2.2648306773e+00
-1.5000000000e-01 -3.5000000000e-01 2.3513743806e+00
-1.5000000000e-01 -3.0000000000e-01 2.4290494306e+00
-1.5000000000e-01 -2.5000000000e-01 2.4967752519e+00
-1.5000000000e-01 -2.0000000000e-01 2.5535894581e+00
-1.5000000000e-01 -1.5000000000e-01 2.5986705829e+00
-1.5000000000e-01 -1.0000000000e-01 2.6313578349e+00
-1.5000000000e-01 -5.0000000000e-02 2.6511672110e+00
-1.5000000000e-01 0.0000000000e+00 2.6578034208e+00
-1.5000000000e-01 5.0000000000e-02 2.6511672110e+00
-1.5000000000e-01 1.0000000000e-01 2.6313578349e+00
-1.5000000000e-01 1.5000000000e-01 2.5986705829e+00
-1.5000000000e-01 2.0000000000e-01 2.5535894581e+00
-1.5000000000e-01 2.5000000000e-01 2.4967752519e+00
-1.5000000000e-01 3.0000000000e-01 2.4290494306e+00
-1.5000000000e-01 3.5000000000e-01 2.3513743806e+00
-1.5000000000e-01 4.0000000000e-01 2.2648306773e+00
-1.5000000000e-01 4.5000000000e-01 2.1705921272e+00
-1.5000000000e-01 5.0000000000e-01 2.0698993854e+00
-1.5000000000e-01 5.5000000000e-01 1.9640329760e+00
-1.5000000000e-01 6.0000000000e-01 1.8542865261e+00
-1.5000000000e-01 6.5000000000e-01 1.7419409848e+00
-1.5000000000e-01 7.0000000000e-01 1.6282405261e+00
-1.5000000000e-01 7.5000000000e-01 1.5143707407e+00
-1.5000000000e-01 8.0000000000e-01 1.4014396084e+00
-1.5000000000e-01 8.5000000000e-01 1.2904616209e+00
-1.5000000000e-01 9.0000000000e-01 1.1823452902e+00
-1.5000000000e-01 9.5000000000e-01 1.0778841509e+00
-1.5000000000e-01 1.0000000000e+00 9.7775123719e-01
-1.0000000000e-01 -1.0000000000e+00 9.9004983375e-01
-1.0000000000e-01 -9.5000000000e-01 1.0914422644e+00
-1.0000000000e-01 -9.0000000000e-01 1.1972173631e+00
-1.0000000000e-01 -8.5000000000e-01 1.3066936298e+00
-1.0000000000e-01 -8.0000000000e-01 1.4190675486e+00
-1.0000000000e-01 -7.5000000000e-01 1.5334191797e+00
-1.0000000000e-01 -7.0000000000e-01 1.6487212707e+00
-1.0000000000e-01 -6.5000000000e-01 1.7638519050e+00
-1.0000000000e-01 -6.0000000000e-01 1.8776105793e+00
-1.0000000000e-01 -5.5000000000e-01 1.9887374696e+00
-1.0000000000e-01 -5.0000000000e-01 2.0959355145e+00
-1.0000000000e-01 -4.5000000000e-01 2.1978948151e+00
-1.0000000000e-01 -4.0000000000e-01 2.2933187403e+00
-1.0000000000e-01 -3.5000000000e-01 2.3809510293e+00
-1.0000000000e-01 -3.0000000000e-01 2.4596031112e+00
-1.0000000000e-01 -2.5000000000e-01 2.5281808184e+00
-1.0000000000e-01 -2.0000000000e-01 2.5857096593e+00
-1.0000000000e-01 -1.5000000000e-01 2.6313578349e+00
-1.0000000000e-01 -1.0000000000e-01 2.6644562419e+00
-1.0000000000e-01 -5.0000000000e-02 2.6845147893e+00
-1.0000000000e-01 0.0000000000e+00 2.6912344723e+00
-1.0000000000e-01 5.0000000000e-02 2.6845147893e+00
-1.0000000000e-01 1.0000000000e-01 2.6644562419e+00
-1.0000000000e-01 1.5000000000e-01 2.6313578349e+00
-1.0000000000e-01 2.0000000000e-01 2.5857096593e+00
-1.0000000000e-01 2.5000000000e-01 2.5281808184e+00
-1.0000000000e-01 3.0000000000e-01 2.4596031112e+00
-1.0000000000e-01 3.5000000000e-01 2.3809510293e+00
-1.0000000000e-01 4.0000000000e-01 2.2933187403e+00
-1.0000000000e-01 4.5000000000e-01 2.1978948151e+00
-1.0000000000e-01 5.0000000000e-01 2.0959355145e+00
-1.0000000000e-01 5.5000000000e-01 1.9887374696e+00
-1.0000000000e-01 6.0000000000e-01 1.8776105793e+00
-1.0000000000e-01 6.5000000000e-01 1.7638519050e+00
-1.0000000000e-01 7.0000000000e-01 1.6487212707e+00
-1.0000000000e-01 7.5000000000e-01 1.5334191797e+00
-1.0000000000e-01 8.0000000000e-01 1.4190675486e+00
-1.0000000000e-01 8.5000000000e-01 1.3066936298e+00
-1.0000000000e-01 9.0000000000e-01 1.1972173631e+00
-1.0000000000e-01 9.5000000000e-01 1.0914422644e+00
-1.0000000000e-01 1.0000000000e+00 9.9004983375e-01
-5.0000000000e-02 -1.0000000000e+00 9.9750312240e-01
-5.0000000000e-02 -9.5000000000e-01 1.0996588551e+00
-5.0000000000e-02 -9.0000000000e-01 1.2062302494e+00
-5.0000000000e-02 -8.5000000000e-01 1.3165306749e+00
-5.0000000000e-02 -8.0000000000e-01 1.4297505664e+00
-5.0000000000e-02 -7.5000000000e-01 1.5449630590e+00
-5.0000000000e-02 -7.0000000000e-01 1.6611331667e+00
-5.0000000000e-02 -6.5000000000e-01 1.7771305269e+00
-5.0000000000e-02 -6.0000000000e-01 1.8917455987e+00
-5.0000000000e-02 -5.5000000000e-01 2.0037090739e+00
-5.0000000000e-02 -5.0000000000e-01 2.1117141267e+00
-5.0000000000e-02 -4.5000000000e-01 2.2144409968e+00
-5.0000000000e-02 -4.0000000000e-01 2.3105832920e+00
-5.0000000000e-02 -3.5000000000e-01 2.3988752940e+00
-5.0000000000e-02 -3.0000000000e-01 2.4781194841e+00
-5.0000000000e-02 -2.5000000000e-01 2.5472134577e+00
-5.0000000000e-02 -2.0000000000e-01 2.6051753870e+00
-5.0000000000e-02 -1.5000000000e-01 2.6511672110e+00
-5.0000000000e-02 -1.0000000000e-01 2.6845147893e+00
-5.0000000000e-02 -5.0000000000e-02 2.7047243413e+00
-5.0000000000e-02 0.0000000000e+00 2.7114946114e+00
-5.0000000000e-02 5.0000000000e-02 2.7047243413e+00
-5.0000000000e-02 1.0000000000e-01 2.6845147893e+00
-5.0000000000e-02 1.5000000000e-01 2.6511672110e+00
-5.0000000000e-02 2.0000000000e-01 2.6051753870e+00
-5.0000000000e-02 2.5000000000e-01 2.5472134577e+00
-5.0000000000e-02 3.0000000000e-01 2.4781194841e+00
-5.0000000000e-02 3.5000000000e-01 2.3988752940e+00
-5.0000000000e-02 4.0000000000e-01 2.3105832920e+00
-5.0000000000e-02 4.5000000000e-01 2.2144409968e+00
-5.0000000000e-02 5.0000000000e-01 2.1117141267e+00
-5.0000000000e-02 5.5000000000e-01 2.0037090739e+00
-5.0000000000e-02 6.0000000000e-01 1.8917455987e+00
-5.0000000000e-02 6.5000000000e-01 1.7771305269e+00
-5.0000000000e-02 7.0000000000e-01 1.6611331667e+00
-5.0000000000e-02 7.5000000000e-01 1.5449630590e+00
-5.0000000000e-02 8.0000000000e-01 1.4297505664e+00
-5.0000000000e-02 8.5000000000e-01 1.3165306749e+00
-5.0000000000e-02 9.0000000000e-01 1.2062302494e+00
-5.0000000000e-02 9.5000000000e-01 1.0996588551e+00
-5.0000000000e-02 1.0000000000e+00 9.9750312240e-01
0.0000000000e+00 -1.0000000000e+00 1.0000000000e+00
0.0000000000e+00 -9.5000000000e-01 1.1024114416e+00
0.0000000000e+00 -9.0000000000e-01 1.2092495977e+00
0.0000000000e+00 -8.5000000000e-01 1.3198261191e+00
0.0000000000e+00 -8.0000000000e-01 1.4333294146e+00
0.0000000000e+00 -7.5000000000e-01 1.5488302986e+00
0.0000000000e+00 -7.0000000000e-01 1.6652911949e+00
0.0000000000e+00 -6.5000000000e-01 1.7815789114e+00
0.0000000000e+00 -6.0000000000e-01 1.8964808793e+00
0.0000000000e+00 -5.5000000000e-01 2.0087246134e+00
0.0000000000e+00 -5.0000000000e-01 2.1170000166e+00
0.0000000000e+00 -4.5000000000e-01 2.2199840252e+00
0.0000000000e+00 -4.0000000000e-01 2.3163669768e+00
0.0000000000e+00 -3.5000000000e-01 2.4048799849e+00
0.0000000000e+00 -3.0000000000e-01 2.4843225334e+00
0.0000000000e+00 -2.5000000000e-01 2.5535894581e+00
0.0000000000e+00 -2.0000000000e-01 2.6116964734e+00
0.0000000000e+00 -1.5000000000e-01 2.6578034208e+00
0.0000000000e+00 -1.0000000000e-01 2.6912344723e+00
0.0000000000e+00 -5.0000000000e-02 2.7114946114e+00
0.0000000000e+00 0.0000000000e+00 2.7182818285e+00
0.0000000000e+00 5.0000000000e-02 2.7114946114e+00
0.0000000000e+00 1.0000000000e-01 2.6912344723e+00
0.0000000000e+00 1.5000000000e-01 2.6578034208e+00
0.0000000000e+00 2.0000000000e-01 2.6116964734e+00
0.0000000000e+00 2.5000000000e-01 2.5535894581e+00
0.0000000000e+00 3.0000000000e-01 2.4843225334e+00
0.0000000000e+00 3.5000000000e-01 2.4048799849e+00
0.0000000000e+00 4.0000000000e-01 2.3163669768e+00
0.0000000000e+00 4.5000000000e-01 2.2199840252e+00
0.0000000000e+00 5.0000000000e-01 2.1170000166e+00
0.0000000000e+00 5.5000000000e-01 2.0087246134e+00
0.0000000000e+00 6.0000000000e-01 1.8964808793e+00
0.0000000000e+00 6.5000000000e-01 1.7815789114e+00
0.0000000000e+00 7.0000000000e-01 1.6652911949e+00
0.0000000000e+00 7.5000000000e-01 1.5488302986e+00
0.0000000000e+00 8.0000000000e-01 1.4333294146e+00
0.0000000000e+00 8.5000000000e-01 1.3198261191e+00
0.0000000000e+00 9.0000000000e-01 1.2092495977e+00
0.0000000000e+00 9.5000000000e-01 1.1024114416e+00
0.0000000000e+00 1.0000000000e+00 1.0000000000e+00
5.0000000000e-02 0.0000000000e+00 2.7114946114e+00
5.0000000000e-02 5.0000000000e-02 2.7047243413e+00
5.0000000000e-02 1.0000000000e-01 2.6845147893e+00
5.0000000000e-02 1.5000000000e-01 2.6511672110e+00
5.0000000000e-02 2.0000000000e-01 2.6051753870e+00
5.0000000000e-02 2.5000000000e-01 2.5472134577e+00
5.0000000000e-02 3.0000000000e-01 2.4781194841e+00
5.0000000000e-02 3.5000000000e-01 2.3988752940e+00
5.0000000000e-02 4.0000000000e-01 2.3105832920e+00
5.0000000000e-02 4.5000000000e-01 2.2144409968e+00
5.0000000000e-02 5.0000000000e-01 2.1117141267e+00
5.0000000000e-02 5.5000000000e-01 2.0037090739e+00
5.0000000000e-02 6.0000000000e-01 1.8917455987e+00
5.0000000000e-02 6.5000000000e-01 1.7771305269e+00
5.0000000000e-02 7.0000000000e-01 1.6611331667e+00
5.0000000000e-02 7.5000000000e-01 1.5449630590e+00
5.0000000000e-02 8.0000000000e-01 1.4297505664e+00
5.0000000000e-02 8.5000000000e-01 1.3165306749e+00
5.0000000000e-02 9.0000000000e-01 1.2062302494e+00
5.0000000000e-02 9.5000000000e-01 1.0996588551e+00
5.0000000000e-02 1.0000000000e+00 9.9750312240e-01
1.0000000000e-01 0.0000000000e+00 2.6912344723e+00
1.0000000000e-01 5.0000000000e-02 2.6845147893e+00
1.0000000000e-01 1.0000000000e-01 2.6644562419e+00
1.0000000000e-01 1.5000000000e-01 2.6313578349e+00
1.0000000000e-01 2.0000000000e-01 2.5857096593e+00
1.0000000000e-01 2.5000000000e-01 2.5281808184e+00
1.0000000000e-01 3.0000000000e-01 2.4596031112e+00
1.0000000000e-01 3.5000000000e-01 2.3809510293e+00
1.0000000000e-01 4.0000000000e-01 2.2933187403e+00
1.0000000000e-01 4.5000000000e-01 2.1978948151e+00
1.0000000000e-01 5.0000000000e-01 2.0959355145e+00
1.0000000000e-01 5.5000000000e-01 1.9887374696e+00
1.0000000000e-01 6.0000000000e-01 1.8776105793e+00
1.0000000000e-01 6.5000000000e-01 1.7638519050e+00
1.0000000000e-01 7.0000000000e-01 1.6487212707e+00
1.0000000000e-01 7.5000000000e-01 1.5334191797e+00
1.0000000000e-01 8.0000000000e-01 1.4190675486e+00
1.0000000000e-01 8.5000000000e-01 1.3066936298e+00
1.0000000000e-01 9.0000000000e-01 1.1972173631e+00
1.0000000000e-01 9.5000000000e-01 1.0914422644e+00
1.0000000000e-01 1.0000000000e+00 9.9004983375e-01
1.5000000000e-01 0.0000000000e+00 2.6578034208e+00
1.5000000000e-01 5.0000000000e-02 2.6511672110e+00
1.5000000000e-01 1.0000000000e-01 2.6313578349e+00
1.5000000000e-01 1.5000000000e-01 2.5986705829e+00
1.5000000000e-01 2.0000000000e-01 2.5535894581e+00
1.5000000000e-01 2.5000000000e-01 2.4967752519e+00
1.5000000000e-01 3.0000000000e-01 2.4290494306e+00
1.5000000000e-01 3.5000000000e-01 2.3513743806e+00
1.5000000000e-01 4.0000000000e-01 2.2648306773e+00
1.5000000000e-01 4.5000000000e-01 2.1705921272e+00
1.5000000000e-01 5.0000000000e-01 2.0698993854e+00
1.5000000000e-01 5.5000000000e-01 1.9640329760e+00
1.5000000000e-01 6.0000000000e-01 1.8542865261e+00
1.5000000000e-01 6.5000000000e-01 1.7419409848e+00
1.5000000000e-01 7.0000000000e-01 1.6282405261e+00
1.5000000000e-01 7.5000000000e-01 1.5143707407e+00
1.5000000000e-01 8.0000000000e-01 1.4014396084e+00
1.5000000000e-01 8.5000000000e-01 1.2904616209e+00
1.5000000000e-01 9.0000000000e-01 1.1823452902e+00
1.5000000000e-01 9.5000000000e-01 1.0778841509e+00
1.5000000000e-01 1.0000000000e+00 9.7775123719e-01
2.0000000000e-01 0.0000000000e+00 2.6116964734e+00
2.0000000000e-01 5.0000000000e-02 2.6051753870e+00
2.0000000000e-01 1.0000000000e-01 2.5857096593e+00
2.0000000000e-01 1.5000000000e-01 2.5535894581e+00
2.0000000000e-01 2.0000000000e-01 2.5092903899e+00
2.0000000000e-01 2.5000000000e-01 2.4534617832e+00
2.0000000000e-01 3.0000000000e-01 2.3869108535e+00
2.0000000000e-01 3.5000000000e-01 2.3105832920e+00
2.0000000000e-01 4.0000000000e-01 2.2255409285e+00
2.0000000000e-01 4.5000000000e-01 2.1329372065e+00
2.0000000000e-01 5.0000000000e-01 2.0339912586e+00
2.0000000000e-01 5.5000000000e-01 1.9299613948e+00
2.0000000000e-01 6.0000000000e-01 1.8221188004e+00
2.0000000000e-01 6.5000000000e-01 1.7117222031e+00
2.0000000000e-01 7.0000000000e-01 1.5999941932e+00
2.0000000000e-01 7.5000000000e-01 1.4880997940e+00
2.0000000000e-01 8.0000000000e-01 1.3771277643e+00
2.0000000000e-01 8.5000000000e-01 1.2680749968e+00
2.0000000000e-01 9.0000000000e-01 1.1618342427e+00
2.0000000000e-01 9.5000000000e-01 1.0591852707e+00
2.0000000000e-01 1.0000000000e+00 9.6078943915e-01
2.5000000000e-01 0.0000000000e+00 2.5535894581e+00
2.5000000000e-01 5.0000000000e-02 2.5472134577e+00
2.5000000000e-01 1.0000000000e-01 2.5281808184e+00
2.5000000000e-01 1.5000000000e-01 2.4967752519e+00
2.5000000000e-01 2.0000000000e-01 2.4534617832e+00
2.5000000000e-01 2.5000000000e-01 2.3988752940e+00
2.5000000000e-01 3.0000000000e-01 2.3338050401e+00
2.5000000000e-01 3.5000000000e-01 2.2591756723e+00
2.5000000000e-01 4.0000000000e-01 2.1760253963e+00
2.5000000000e-01 4.5000000000e-01 2.0854819925e+00
2.5000000000e-01 5.0000000000e-01 1.9887374696e+00
2.5000000000e-01 5.5000000000e-01 1.8870221415e+00
2.5000000000e-01 6.0000000000e-01 1.7815789114e+00
2.5000000000e-01 6.5000000000e-01 1.6736385018e+00
2.5000000000e-01 7.0000000000e-01 1.5643963019e+00
2.5000000000e-01 7.5000000000e-01 1.4549914146e+00
2.5000000000e-01 8.0000000000e-01 1.3464883754e+00
2.5000000000e-01 8.5000000000e-01 1.2398618970e+00
2.5000000000e-01 9.0000000000e-01 1.1359848682e+00
2.5000000000e-01 9.5000000000e-01 1.0356197088e+00
2.5000000000e-01 1.0000000000e+00 9.3941306281e-01
3.0000000000e-01 0.0000000000e+00 2.4843225334e+00
3.0000000000e-01 5.0000000000e-02 2.4781194841e+00
3.0000000000e-01 1.0000000000e-01 2.4596031112e+00
3.0000000000e-01 1.5000000000e-01 2.4290494306e+00
3.0000000000e-01 2.0000000000e-01 2.3869108535e+00
3.0000000000e-01 2.5000000000e-01 2.3338050401e+00
3.0000000000e-01 3.0000000000e-01 2.2704998375e+00
3.0000000000e-01 3.5000000000e-01 2.1978948151e+00
3.0000000000e-01 4.0000000000e-01 2.1170000166e+00
3.0000000000e-01 4.5000000000e-01 2.0289126314e+00
3.0000000000e-01 5.0000000000e-01 1.9347923344e+00
3.0000000000e-01 5.5000000000e-01 1.8358360668e+00
3.0000000000e-01 6.0000000000e-01 1.7332530179e+00
3.0000000000e-01 6.5000000000e-01 1.6282405261e+00
3.0000000000e-01 7.0000000000e-01 1.5219615556e+00
3.0000000000e-01 7.5000000000e-01 1.4155243106e+00
3.0000000000e-01 8.0000000000e-01 1.3099644507e+00
3.0000000000e-01 8.5000000000e-01 1.2062302494e+00
3.0000000000e-01 9.0000000000e-01 1.1051709181e+00
3.0000000000e-01 9.5000000000e-01 1.0075281954e+00
3.0000000000e-01 1.0000000000e+00 9.1393118527e-01
3.5000000000e-01 0.0000000000e+00 2.4048799849e+00
3.5000000000e-01 5.0000000000e-02 2.3988752940e+00
3.5000000000e-01 1.0000000000e-01 2.3809510293e+00
3.5000000000e-01 1.5000000000e-01 2.3513743806e+00
3.5000000000e-01 2.0000000000e-01 2.3105832920e+00
3.5000000000e-01 2.5000000000e-01 2.2591756723e+00
3.5000000000e-01 3.0000000000e-01 2.1978948151e+00
3.5000000000e-01 3.5000000000e-01 2.1276115234e+00
3.5000000000e-01 4.0000000000e-01 2.0493035424e+00
3.5000000000e-01 4.5000000000e-01 1.9640329760e+00
3.5000000000e-01 5.0000000000e-01 1.8729224155e+00
3.5000000000e-01 5.5000000000e-01 1.7771305269e+00
3.5000000000e-01 6.0000000000e-01 1.6778278325e+00
3.5000000000e-01 6.5000000000e-01 1.5761733830e+00
3.5000000000e-01 7.0000000000e-01 1.4732929536e+00
3.5000000000e-01 7.5000000000e-01 1.3702593110e+00
3.5000000000e-01 8.0000000000e-01 1.2680749968e+00
3.5000000000e-01 8.5000000000e-01 1.1676579611e+00
3.5000000000e-01 9.0000000000e-01 1.0698302596e+00
3.5000000000e-01 9.5000000000e-01 9.7530991203e-01
3.5000000000e-01 1.0000000000e+00 8.8470590494e-01
4.0000000000e-01 0.0000000000e+00 2.3163669768e+00
4.0000000000e-01 5.0000000000e-02 2.3105832920e+00
4.0000000000e-01 1.0000000000e-01 2.2933187403e+00
4.0000000000e-01 1.5000000000e-01 2.2648306773e+00
4.0000000000e-01 2.0000000000e-01 2.2255409285e+00
4.0000000000e-01 2.5000000000e-01 2.1760253963e+00
4.0000000000e-01 3.0000000000e-01 2.1170000166e+00
4.0000000000e-01 3.5000000000e-01 2.0493035424e+00
4.0000000000e-01 4.0000000000e-01 1.9738777322e+00
4.0000000000e-01 4.5000000000e-01 1.8917455987e+00
4.0000000000e-01 5.0000000000e-01 1.8039884154e+00
4.0000000000e-01 5.5000000000e-01 1.7117222031e+00
4.0000000000e-01 6.0000000000e-01 1.6160744022e+00
4.0000000000e-01 6.5000000000e-01 1.5181614039e+00
4.0000000000e-01 7.0000000000e-01 1.4190675486e+00
4.0000000000e-01 7.5000000000e-01 1.3198261191e+00
4.0000000000e-01 8.0000000000e-01 1.2214027582e+00
4.0000000000e-01 8.5000000000e-01 1.1246816299e+00
4.0000000000e-01 9.0000000000e-01 1.0304545340e+00
4.0000000000e-01 9.5000000000e-01 9.3941306281e-01
4.0000000000e-01 1.0000000000e+00 8.5214378897e-01
4.5000000000e-01 0.0000000000e+00 2.2199840252e+00
4.5000000000e-01 5.0000000000e-02 2.2144409968e+00
4.5000000000e-01 1.0000000000e-01 2.1978948151e+00
4.5000000000e-01 1.5000000000e-01 2.1705921272e+00
4.5000000000e-01 2.0000000000e-01 2.1329372065e+00
4.5000000000e-01 2.5000000000e-01 2.0854819925e+00
4.5000000000e-01 3.0000000000e-01 2.0289126314e+00
4.5000000000e-01 3.5000000000e-01 1.9640329760e+00
4.5000000000e-01 4.0000000000e-01 1.8917455987e+00
4.5000000000e-01 4.5000000000e-01 1.8130309450e+00
4.5000000000e-01 5.0000000000e-01 1.7289252972e+00
4.5000000000e-01 5.5000000000e-01 1.6404982391e+00
4.5000000000e-01 6.0000000000e-01 1.5488302986e+00
4.5000000000e-01 6.5000000000e-01 1.4549914146e+00
4.5000000000e-01 7.0000000000e-01 1.3600208085e+00
4.5000000000e-01 7.5000000000e-01 1.2649087687e+00
4.5000000000e-01 8.0000000000e-01 1.1705807580e+00
4.5000000000e-01 8.5000000000e-01 1.0778841509e+00
4.5000000000e-01 9.0000000000e-01 9.8757780049e-01
4.5000000000e-01 9.5000000000e-01 9.0032452259e-01
4.5000000000e-01 1.0000000000e+00 8.1668648260e-01
5.0000000000e-01 0.0000000000e+00 2.1170000166e+00
5.0000000000e-01 5.0000000000e-02 2.1117141267e+00
5.0000000000e-01 1.0000000000e-01 2.0959355145e+00
5.0000000000e-01 1.5000000000e-01 2.0698993854e+00
5.0000000000e-01 2.0000000000e-01 2.0339912586e+00
5.0000000000e-01 2.5000000000e-01 1.9887374696e+00
5.0000000000e-01 3.0000000000e-01 1.9347923344e+00
5.0000000000e-01 3.5000000000e-01 1.8729224155e+00
5.0000000000e-01 4.0000000000e-01 1.8039884154e+00
5.0000000000e-01 4.5000000000e-01 1.7289252972e+00
5.0000000000e-01 5.0000000000e-01 1.6487212707e+00
5.0000000000e-01 5.5000000000e-01 1.5643963019e+00
5.0000000000e-01 6.0000000000e-01 1.4769807939e+00
5.0000000000e-01 6.5000000000e-01 1.3874950513e+00
5.0000000000e-01 7.0000000000e-01 1.2969300867e+00
5.0000000000e-01 7.5000000000e-01 1.2062302494e+00
5.0000000000e-01 8.0000000000e-01 1.1162780705e+00
5.0000000000e-01 8.5000000000e-01 1.0278816151e+00
5.0000000000e-01 9.0000000000e-01 9.4176453358e-01
5.0000000000e-01 9.5000000000e-01 8.5855889396e-01
5.0000000000e-01 1.0000000000e+00 7.7880078307e-01
5.5000000000e-01 0.0000000000e+00 2.0087246134e+00
5.5000000000e-01 5.0000000000e-02 2.0037090739e+00
5.5000000000e-01 1.0000000000e-01 1.9887374696e+00
5.5000000000e-01 1.5000000000e-01 1.9640329760e+00
5.5000000000e-01 2.0000000000e-01 1.9299613948e+00
5.5000000000e-01 2.5000000000e-01 1.8870221415e+00
5.5000000000e-01 3.0000000000e-01 1.8358360668e+00
5.5000000000e-01 3.5000000000e-01 1.7771305269e+00
5.5000000000e-01 4.0000000000e-01 1.7117222031e+00
5.5000000000e-01 4.5000000000e-01 1.6404982391e+00
5.5000000000e-01 5.0000000000e-01 1.5643963019e+00
5.5000000000e-01 5.5000000000e-01 1.4843841909e+00
5.5000000000e-01 6.0000000000e-01 1.4014396084e+00
5.5000000000e-01 6.5000000000e-01 1.3165306749e+00
5.5000000000e-01 7.0000000000e-01 1.2305977168e+00
5.5000000000e-01 7.5000000000e-01 1.1445367844e+00
5.5000000000e-01 8.0000000000e-01 1.0591852707e+00
5.5000000000e-01 8.5000000000e-01 9.7530991203e-01
5.5000000000e-01 9.0000000000e-01 8.9359734711e-01
5.5000000000e-01 9.5000000000e-01 8.1464731641e-01
5.5000000000e-01 1.0000000000e+00 7.3896848826e-01
6.0000000000e-01 0.0000000000e+00 1.8964808793e+00
6.0000000000e-01 5.0000000000e-02 1.8917455987e+00
6.0000000000e-01 1.0000000000e-01 1.8776105793e+00
6.0000000000e-01 1.5000000000e-01 1.8542865261e+00
6.0000000000e-01 2.0000000000e-01 1.8221188004e+00
6.0000000000e-01 2.5000000000e-01 1.7815789114e+00
6.0000000000e-01 3.0000000000e-01 1.7332530179e+00
6.0000000000e-01 3.5000000000e-01 1.6778278325e+00
6.0000000000e-01 4.0000000000e-01 1.6160744022e+00
6.0000000000e-01 4.5000000000e-01 1.5488302986e+00
6.0000000000e-01 5.0000000000e-01 1.4769807939e+00
6.0000000000e-01 5.5000000000e-01 1.4014396084e+00
6.0000000000e-01 6.0000000000e-01 1.3231298123e+00
6.0000000000e-01 6.5000000000e-01 1.2429654295e+00
6.0000000000e-01 7.0000000000e-01 1.1618342427e+00
6.0000000000e-01 7.5000000000e-01 1.0805822325e+00
6.0000000000e-01 8.0000000000e-01 1.0000000000e+00
6.0000000000e-01 8.5000000000e-01 9.2081143786e-01
6.0000000000e-01 9.0000000000e-01 8.4366481660e-01
6.0000000000e-01 9.5000000000e-01 7.6912636437e-01
6.0000000000e-01 1.0000000000e+00 6.9767632607e-01
6.5000000000e-01 0.0000000000e+00 1.7815789114e+00
6.5000000000e-01 5.0000000000e-02 1.7771305269e+00
6.5000000000e-01 1.0000000000e-01 1.7638519050e+00
6.5000000000e-01 1.5000000000e-01 1.7419409848e+00
6.5000000000e-01 2.0000000000e-01 1.7117222031e+00
6.5000000000e-01 2.5000000000e-01 1.6736385018e+00
6.5000000000e-01 3.0000000000e-01 1.6282405261e+00
6.5000000000e-01 3.5000000000e-01 1.5761733830e+00
6.5000000000e-01 4.0000000000e-01 1.5181614039e+00
6.5000000000e-01 4.5000000000e-01 1.4549914146e+00
6.5000000000e-01 5.0000000000e-01 1.3874950513e+00
6.5000000000e-01 5.5000000000e-01 1.3165306749e+00
6.5000000000e-01 6.0000000000e-01 1.2429654295e+00
6.5000000000e-01 6.5000000000e-01 1.1676579611e+00
6.5000000000e-01 7.0000000000e-01 1.0914422644e+00
6.5000000000e-01 7.5000000000e-01 1.0151130646e+00
6.5000000000e-01 8.0000000000e-01 9.3941306281e-01
6.5000000000e-01 8.5000000000e-01 8.6502229311e-01
6.5000000000e-01 9.0000000000e-01 7.9254974935e-01
6.5000000000e-01 9.5000000000e-01 7.2252735364e-01
6.5000000000e-01 1.0000000000e+00 6.5540625433e-01
7.0000000000e-01 0.0000000000e+00 1.6652911949e+00
7.0000000000e-01 5.0000000000e-02 1.6611331667e+00
7.0000000000e-01 1.0000000000e-01 1.6487212707e+00
7.0000000000e-01 1.5000000000e-01 1.6282405261e+00
7.0000000000e-01 2.0000000000e-01 1.5999941932e+00
7.0000000000e-01 2.5000000000e-01 1.5643963019e+00
7.0000000000e-01 3.0000000000e-01 1.5219615556e+00
7.0000000000e-01 3.5000000000e-01 1.4732929536e+00
7.0000000000e-01 4.0000000000e-01 1.4190675486e+00
7.0000000000e-01 4.5000000000e-01 1.3600208085e+00
7.0000000000e-01 5.0000000000e-01 1.2969300867e+00
7.0000000000e-01 5.5000000000e-01 1.2305977168e+00
7.0000000000e-01 6.0000000000e-01 1.1618342427e+00
7.0000000000e-01 6.5000000000e-01 1.0914422644e+00
7.0000000000e-01 7.0000000000e-01 1.0202013400e+00
7.0000000000e-01 7.5000000000e-01 9.4885432106e-01
7.0000000000e-01 8.0000000000e-01 8.7809543092e-01
7.0000000000e-01 8.5000000000e-01 8.0856031632e-01
7.0000000000e-01 9.0000000000e-01 7.4081822068e-01
7.0000000000e-01 9.5000000000e-01 6.7536634635e-01
7.0000000000e-01 1.0000000000e+00 6.1262639418e-01
7.5000000000e-01 0.0000000000e+00 1.5488302986e+00
7.5000000000e-01 5.0000000000e-02 1.5449630590e+00
7.5000000000e-01 1.0000000000e-01 1.5334191797e+00
7.5000000000e-01 1.5000000000e-01 1.5143707407e+00
7.5000000000e-01 2.0000000000e-01 1.4880997940e+00
7.5000000000e-01 2.5000000000e-01 1.4549914146e+00
7.5000000000e-01 3.0000000000e-01 1.4155243106e+00
7.5000000000e-01 3.5000000000e-01 1.3702593110e+00
7.5000000000e-01 4.0000000000e-01 1.3198261191e+00
7.5000000000e-01 4.5000000000e-01 1.2649087687e+00
7.5000000000e-01 5.0000000000e-01 1.2062302494e+00
7.5000000000e-01 5.5000000000e-01 1.1445367844e+00
7.5000000000e-01 6.0000000000e-01 1.0805822325e+00
7.5000000000e-01 6.5000000000e-01 1.0151130646e+00
7.5000000000e-01 7.0000000000e-01 9.4885432106e-01
7.5000000000e-01 7.5000000000e-01 8.8249690258e-01
7.5000000000e-01 8.0000000000e-01 8.1668648260e-01
7.5000000000e-01 8.5000000000e-01 7.5201425432e-01
7.5000000000e-01 9.0000000000e-01 6.8900965156e-01
7.5000000000e-01 9.5000000000e-01 6.2813510519e-01
7.5000000000e-01 1.0000000000e+00 5.6978282473e-01
8.0000000000e-01 0.0000000000e+00 1.4333294146e+00
8.0000000000e-01 5.0000000000e-02 1.4297505664e+00
8.0000000000e-01 1.0000000000e-01 1.4190675486e+00
8.0000000000e-01 1.5000000000e-01 1.4014396084e+00
8.0000000000e-01 2.0000000000e-01 1.3771277643e+00
8.0000000000e-01 2.5000000000e-01 1.3464883754e+00
8.0000000000e-01 3.0000000000e-01 1.3099644507e+00
8.0000000000e-01 3.5000000000e-01 1.2680749968e+00
8.0000000000e-01 4.0000000000e-01 1.2214027582e+00
8.0000000000e-01 4.5000000000e-01 1.1705807580e+00
8.0000000000e-01 5.0000000000e-01 1.1162780705e+00
8.0000000000e-01 5.5000000000e-01 1.0591852707e+00
8.0000000000e-01 6.0000000000e-01 1.0000000000e+00
8.0000000000e-01 6.5000000000e-01 9.3941306281e-01
8.0000000000e-01 7.0000000000e-01 8.7809543092e-01
8.0000000000e-01 7.5000000000e-01 8.1668648260e-01
8.0000000000e-01 8.0000000000e-01 7.5578374146e-01
8.0000000000e-01 8.5000000000e-01 6.9593431368e-01
8.0000000000e-01 9.0000000000e-01 6.3762815162e-01
8.0000000000e-01 9.5000000000e-01 5.8129320131e-01
8.0000000000e-01 1.0000000000e+00 5.2729242404e-01
8.5000000000e-01 0.0000000000e+00 1.3198261191e+00
8.5000000000e-01 5.0000000000e-02 1.3165306749e+00
8.5000000000e-01 1.0000000000e-01 1.3066936298e+00
8.5000000000e-01 1.5000000000e-01 1.2904616209e+00
8.5000000000e-01 2.0000000000e-01 1.2680749968e+00
8.5000000000e-01 2.5000000000e-01 1.2398618970e+00
8.5000000000e-01 3.0000000000e-01 1.2062302494e+00
8.5000000000e-01 3.5000000000e-01 1.1676579611e+00
8.5000000000e-01 4.0000000000e-01 1.1246816299e+00
8.5000000000e-01 4.5000000000e-01 1.0778841509e+00
8.5000000000e-01 5.0000000000e-01 1.0278816151e+00
8.5000000000e-01 5.5000000000e-01 9.7530991203e-01
8.5000000000e-01 6.0000000000e-01 9.2081143786e-01
8.5000000000e-01 6.5000000000e-01 8.6502229311e-01
8.5000000000e-01 7.0000000000e-01 8.0856031632e-01
8.5000000000e-01 7.5000000000e-01 7.5201425432e-01
8.5000000000e-01 8.0000000000e-01 6.9593431368e-01
8.5000000000e-01 8.5000000000e-01 6.4082427603e-01
8.5000000000e-01 9.0000000000e-01 5.8713529511e-01
8.5000000000e-01 9.5000000000e-01 5.3526142852e-01
8.5000000000e-01 1.0000000000e+00 4.8553689515e-01
9.0000000000e-01 0.0000000000e+00 1.2092495977e+00
9.0000000000e-01 5.0000000000e-02 1.2062302494e+00
9.0000000000e-01 1.0000000000e-01 1.1972173631e+00
9.0000000000e-01 1.5000000000e-01 1.1823452902e+00
9.0000000000e-01 2.0000000000e-01 1.1618342427e+00
9.0000000000e-01 2.5000000000e-01 1.1359848682e+00
9.0000000000e-01 3.0000000000e-01 1.1051709181e+00
9.0000000000e-01 3.5000000000e-01 1.0698302596e+00
9.0000000000e-01 4.0000000000e-01 1.0304545340e+00
9.0000000000e-01 4.5000000000e-01 9.8757780049e-01
9.0000000000e-01 5.0000000000e-01 9.4176453358e-01
9.0000000000e-01 5.5000000000e-01 8.9359734711e-01
9.0000000000e-01 6.0000000000e-01 8.4366481660e-01
9.0000000000e-01 6.5000000000e-01 7.9254974935e-01
9.0000000000e-01 7.0000000000e-01 7.4081822068e-01
9.0000000000e-01 7.5000000000e-01 6.8900965156e-01
9.0000000000e-01 8.0000000000e-01 6.3762815162e-01
9.0000000000e-01 8.5000000000e-01 5.8713529511e-01
9.0000000000e-01 9.0000000000e-01 5.3794443759e-01
9.0000000000e-01 9.5000000000e-01 4.9041662208e-01
9.0000000000e-01 1.0000000000e+00 4.4485806622e-01
9.5000000000e-01 0.0000000000e+00 1.1024114416e+00
9.5000000000e-01 5.0000000000e-02 1.0996588551e+00
9.5000000000e-01 1.0000000000e-01 1.0914422644e+00
9.5000000000e-01 1.5000000000e-01 1.0778841509e+00
9.5000000000e-01 2.0000000000e-01 1.0591852707e+00
9.5000000000e-01 2.5000000000e-01 1.0356197088e+00
9.5000000000e-01 3.0000000000e-01 1.0075281954e+00
9.5000000000e-01 3.5000000000e-01 9.7530991203e-01
9.5000000000e-01 4.0000000000e-01 9.3941306281e-01
9.5000000000e-01 4.5000000000e-01 9.0032452259e-01
9.5000000000e-01 5.0000000000e-01 8.5855889396e-01
9.5000000000e-01 5.5000000000e-01 8.1464731641e-01
9.5000000000e-01 6.0000000000e-01 7.6912636437e-01
9.5000000000e-01 6.5000000000e-01 7.2252735364e-01
9.5000000000e-01 7.0000000000e-01 6.7536634635e-01
9.5000000000e-01 7.5000000000e-01 6.2813510519e-01
9.5000000000e-01 8.0000000000e-01 5.8129320131e-01
9.5000000000e-01 8.5000000000e-01 5.3526142852e-01
9.5000000000e-01 9.0000000000e-01 4.9041662208e-01
9.5000000000e-01 9.5000000000e-01 4.4708792656e-01
9.5000000000e-01 1.0000000000e+00 4.0555450506e-01
1.0000000000e+00 0.0000000000e+00 1.0000000000e+00
1.0000000000e+00 5.0000000000e-02 9.9750312240e-01
1.0000000000e+00 1.0000000000e-01 9.9004983375e-01
1.0000000000e+00 1.5000000000e-01 9.7775123719e-01
1.0000000000e+00 2.0000000000e-01 9.6078943915e-01
1.0000000000e+00 2.5000000000e-01 9.3941306281e-01
1.0000000000e+00 3.0000000000e-01 9.1393118527e-01
1.0000000000e+00 3.5000000000e-01 8.8470590494e-01
1.0000000000e+00 4.0000000000e-01 8.5214378897e-01
1.0000000000e+00 4.5000000000e-01 8.1668648260e-01
1.0000000000e+00 5.0000000000e-01 7.7880078307e-01
1.0000000000e+00 5.5000000000e-01 7.3896848826e-01
1.0000000000e+00 6.0000000000e-01 6.9767632607e-01
1.0000000000e+00 6.5000000000e-01 6.5540625433e-01
1.0000000000e+00 7.0000000000e-01 6.1262639418e-01
1.0000000000e+00 7.5000000000e-01 5.6978282473e-01
1.0000000000e+00 8.0000000000e-01 5.2729242404e-01
1.0000000000e+00 8.5000000000e-01 4.8553689515e-01
1.0000000000e+00 9.0000000000e-01 4.4485806622e-01
1.0000000000e+00 9.5000000000e-01 4.0555450506e-01
1.0000000000e+00 1.0000000000e+00 3.6787944117e-01
