# x y v_initial
-1.0000000000e+00 -1.0000000000e+00 3.6787944117e-01
-1.0000000000e+00 -9.5000000000e-01 4.0555450506e-01
-1.0000000000e+00 -9.0000000000e-01 4.4485806622e-01
-1.0000000000e+00 -8.5000000000e-01 4.8553689515e-01
-1.0000000000e+00 -8.0000000000e-01 5.2729242404e-01
-1.0000000000e+00 -7.5000000000e-01 5.6978282473e-01
-1.0000000000e+00 -7.0000000000e-01 6.1262639418e-01
-1.0000000000e+00 -6.5000000000e-01 6.5540625433e-01
-1.0000000000e+00 -6.0000000000e-01 6.9767632607e-01
-1.0000000000e+00 -5.5000000000e-01 7.3896848826e-01
-1.0000000000e+00 -5.0000000000e-01 7.7880078307e-01
-1.0000000000e+00 -4.5000000000e-01 8.1668648260e-01
-1.0000000000e+00 -4.0000000000e-01 8.5214378897e-01
-1.0000000000e+00 -3.5000000000e-01 8.8470590494e-01
-1.0000000000e+00 -3.0000000000e-01 9.1393118527e-01
-1.0000000000e+00 -2.5000000000e-01 9.3941306281e-01
-1.0000000000e+00 -2.0000000000e-01 9.6078943915e-01
-1.0000000000e+00 -1.5000000000e-01 9.7775123719e-01
-1.0000000000e+00 -1.0000000000e-01 9.9004983375e-01
-1.0000000000e+00 -5.0000000000e-02 9.9750312240e-01
-1.0000000000e+00 0.0000000000e+00 1.0000000000e+00
-1.0000000000e+00 5.0000000000e-02 9.9750312240e-01
-1.0000000000e+00 1.0000000000e-01 9.9004983375e-01
-1.0000000000e+00 1.5000000000e-01 9.7775123719e-01
-1.0000000000e+00 2.0000000000e-01 9.6078943915e-01
-1.0000000000e+00 2.5000000000e-01 9.3941306281e-01
-1.0000000000e+00 3.0000000000e-01 9.1393118527e-01
-1.0000000000e+00 3.5000000000e-01 8.8470590494e-01
-1.0000000000e+00 4.0000000000e-01 8.5214378897e-01
-1.0000000000e+00 4.5000000000e-01 8.1668648260e-01
-1.0000000000e+00 5.0000000000e-01 7.7880078307e-01
-1.0000000000e+00 5.5000000000e-01 7.3896848826e-01
-1.0000000000e+00 6.0000000000e-01 6.9767632607e-01
-1.0000000000e+00 6.5000000000e-01 6.5540625433e-01
-1.0000000000e+00 7.0000000000e-01 6.1262639418e-01
-1.0000000000e+00 7.5000000000e-01 5.6978282473e-01
-1.0000000000e+00 8.0000000000e-01 5.2729242404e-01
-1.0000000000e+00 8.5000000000e-01 4.8553689515e-01
-1.0000000000e+00 9.0000000000e-01 4.4485806622e-01
-1.0000000000e+00 9.5000000000e-01 4.0555450506e-01
-1.0000000000e+00 1.0000000000e+00 3.6787944117e-01
-9.5000000000e-01 -1.0000000000e+00 4.0555450506e-01
-9.5000000000e-01 -9.5000000000e-01 4.0555450506e-01
-9.5000000000e-01 -9.0000000000e-01 4.0555450506e-01
-9.5000000000e-01 -8.5000000000e-01 4.0555450506e-01
-9.5000000000e-01 -8.0000000000e-01 4.0555450506e-01
-9.5000000000e-01 -7.5000000000e-01 4.0555450506e-01
-9.5000000000e-01 -7.0000000000e-01 4.0555450506e-01
-9.5000000000e-01 -6.5000000000e-01 4.0555450506e-01
-9.5000000000e-01 -6.0000000000e-01 4.0555450506e-01
-9.5000000000e-01 -5.5000000000e-01 4.0555450506e-01
-9.5000000000e-01 -5.0000000000e-01 4.0555450506e-01
-9.5000000000e-01 -4.5000000000e-01 4.0555450506e-01
-9.5000000000e-01 -4.0000000000e-01 4.0555450506e-01
-9.5000000000e-01 -3.5000000000e-01 4.0555450506e-01
-9.5000000000e-01 -3.0000000000e-01 4.0555450506e-01
-9.5000000000e-01 -2.5000000000e-01 4.0555450506e-01
-9.5000000000e-01 -2.0000000000e-01 4.0555450506e-01
-9.5000000000e-01 -1.5000000000e-01 4.0555450506e-01
-9.5000000000e-01 -1.0000000000e-01 4.0555450506e-01
-9.5000000000e-01 -5.0000000000e-02 4.0555450506e-01
-9.5000000000e-01 0.0000000000e+00 4.0555450506e-01
-9.5000000000e-01 5.0000000000e-02 4.0555450506e-01
-9.5000000000e-01 1.0000000000e-01 4.0555450506e-01
-9.5000000000e-01 1.5000000000e-01 4.0555450506e-01
-9.5000000000e-01 2.0000000000e-01 4.0555450506e-01
-9.5000000000e-01 2.5000000000e-01 4.0555450506e-01
-9.5000000000e-01 3.0000000000e-01 4.0555450506e-01
-9.5000000000e-01 3.5000000000e-01 4.0555450506e-01
-9.5000000000e-01 4.0000000000e-01 4.0555450506e-01
-9.5000000000e-01 4.5000000000e-01 4.0555450506e-01
-9.5000000000e-01 5.0000000000e-01 4.0555450506e-01
-9.5000000000e-01 5.5000000000e-01 4.0555450506e-01
-9.5000000000e-01 6.0000000000e-01 4.0555450506e-01
-9.5000000000e-01 6.5000000000e-01 4.0555450506e-01
-9.5000000000e-01 7.0000000000e-01 4.0555450506e-01
-9.5000000000e-01 7.5000000000e-01 4.0555450506e-01
-9.5000000000e-01 8.0000000000e-01 4.0555450506e-01
-9.5000000000e-01 8.5000000000e-01 4.0555450506e-01
-9.5000000000e-01 9.0000000000e-01 4.0555450506e-01
-9.5000000000e-01 9.5000000000e-01 4.0555450506e-01
-9.5000000000e-01 1.0000000000e+00 4.0555450506e-01
-9.0000000000e-01 -1.0000000000e+00 4.4485806622e-01
-9.0000000000e-01 -9.5000000000e-01 4.4485806622e-01
-9.0000000000e-01 -9.0000000000e-01 4.4485806622e-01
-9.0000000000e-01 -8.5000000000e-01 4.4485806622e-01
-9.0000000000e-01 -8.0000000000e-01 4.4485806622e-01
-9.0000000000e-01 -7.5000000000e-01 4.4485806622e-01
-9.0000000000e-01 -7.0000000000e-01 4.4485806622e-01
-9.0000000000e-01 -6.5000000000e-01 4.4485806622e-01
-9.0000000000e-01 -6.0000000000e-01 4.4485806622e-01
-9.0000000000e-01 -5.5000000000e-01 4.4485806622e-01
-9.0000000000e-01 -5.0000000000e-01 4.4485806622e-01
-9.0000000000e-01 -4.5000000000e-01 4.4485806622e-01
-9.0000000000e-01 -4.0000000000e-01 4.4485806622e-01
-9.0000000000e-01 -3.5000000000e-01 4.4485806622e-01
-9.0000000000e-01 -3.0000000000e-01 4.4485806622e-01
-9.0000000000e-01 -2.5000000000e-01 4.4485806622e-01
-9.0000000000e-01 -2.0000000000e-01 4.4485806622e-01
-9.0000000000e-01 -1.5000000000e-01 4.4485806622e-01
-9.0000000000e-01 -1.0000000000e-01 4.4485806622e-01
-9.0000000000e-01 -5.0000000000e-02 4.4485806622e-01
-9.0000000000e-01 0.0000000000e+00 4.4485806622e-01
-9.0000000000e-01 5.0000000000e-02 4.4485806622e-01
-9.0000000000e-01 1.0000000000e-01 4.4485806622e-01
-9.0000000000e-01 1.5000000000e-01 4.4485806622e-01
-9.0000000000e-01 2.0000000000e-01 4.4485806622e-01
-9.0000000000e-01 2.5000000000e-01 4.4485806622e-01
-9.0000000000e-01 3.0000000000e-01 4.4485806622e-01
-9.0000000000e-01 3.5000000000e-01 4.4485806622e-01
-9.0000000000e-01 4.0000000000e-01 4.4485806622e-01
-9.0000000000e-01 4.5000000000e-01 4.4485806622e-01
-9.0000000000e-01 5.0000000000e-01 4.4485806622e-01
-9.0000000000e-01 5.5000000000e-01 4.4485806622e-01
-9.0000000000e-01 6.0000000000e-01 4.4485806622e-01
-9.0000000000e-01 6.5000000000e-01 4.4485806622e-01
-9.0000000000e-01 7.0000000000e-01 4.4485806622e-01
-9.0000000000e-01 7.5000000000e-01 4.4485806622e-01
-9.0000000000e-01 8.0000000000e-01 4.4485806622e-01
-9.0000000000e-01 8.5000000000e-01 4.4485806622e-01
-9.0000000000e-01 9.0000000000e-01 4.4485806622e-01
-9.0000000000e-01 9.5000000000e-01 4.4485806622e-01
-9.0000000000e-01 1.0000000000e+00 4.4485806622e-01
-8.5000000000e-01 -1.0000000000e+00 4.8553689515e-01
-8.5000000000e-01 -9.5000000000e-01 4.8553689515e-01
-8.5000000000e-01 -9.0000000000e-01 4.8553689515e-01
-8.5000000000e-01 -8.5000000000e-01 4.8553689515e-01
-8.5000000000e-01 -8.0000000000e-01 4.8553689515e-01
-8.5000000000e-01 -7.5000000000e-01 4.8553689515e-01
-8.5000000000e-01 -7.0000000000e-01 4.8553689515e-01
-8.5000000000e-01 -6.5000000000e-01 4.8553689515e-01
-8.5000000000e-01 -6.0000000000e-01 4.8553689515e-01
-8.5000000000e-01 -5.5000000000e-01 4.8553689515e-01
-8.5000000000e-01 -5.0000000000e-01 4.8553689515e-01
-8.5000000000e-01 -4.5000000000e-01 4.8553689515e-01
-8.5000000000e-01 -4.0000000000e-01 4.8553689515e-01
-8.5000000000e-01 -3.5000000000e-01 4.8553689515e-01
-8.5000000000e-01 -3.0000000000e-01 4.8553689515e-01
-8.5000000000e-01 -2.5000000000e-01 4.8553689515e-01
-8.5000000000e-01 -2.0000000000e-01 4.8553689515e-01
-8.5000000000e-01 -1.5000000000e-01 4.8553689515e-01
-8.5000000000e-01 -1.0000000000e-01 4.8553689515e-01
-8.5000000000e-01 -5.0000000000e-02 4.8553689515e-01
-8.5000000000e-01 0.0000000000e+00 4.8553689515e-01
-8.5000000000e-01 5.0000000000e-02 4.8553689515e-01
-8.5000000000e-01 1.0000000000e-01 4.8553689515e-01
-8.5000000000e-01 1.5000000000e-01 4.8553689515e-01
-8.5000000000e-01 2.0000000000e-01 4.8553689515e-01
-8.5000000000e-01 2.5000000000e-01 4.8553689515e-01
-8.5000000000e-01 3.0000000000e-01 4.8553689515e-01
-8.5000000000e-01 3.5000000000e-01 4.8553689515e-01
-8.5000000000e-01 4.0000000000e-01 4.8553689515e-01
-8.5000000000e-01 4.5000000000e-01 4.8553689515e-01
-8.5000000000e-01 5.0000000000e-01 4.8553689515e-01
-8.5000000000e-01 5.5000000000e-01 4.8553689515e-01
-8.5000000000e-01 6.0000000000e-01 4.8553689515e-01
-8.5000000000e-01 6.5000000000e-01 4.8553689515e-01
-8.5000000000e-01 7.0000000000e-01 4.8553689515e-01
-8.5000000000e-01 7.5000000000e-01 4.8553689515e-01
-8.5000000000e-01 8.0000000000e-01 4.8553689515e-01
-8.5000000000e-01 8.5000000000e-01 4.8553689515e-01
-8.5000000000e-01 9.0000000000e-01 4.8553689515e-01
-8.5000000000e-01 9.5000000000e-01 4.8553689515e-01
-8.5000000000e-01 1.0000000000e+00 4.8553689515e-01
-8.0000000000e-01 -1.0000000000e+00 5.2729242404e-01
-8.0000000000e-01 -9.5000000000e-01 5.2729242404e-01
-8.0000000000e-01 -9.0000000000e-01 5.2729242404e-01
-8.0000000000e-01 -8.5000000000e-01 5.2729242404e-01
-8.0000000000e-01 -8.0000000000e-01 5.2729242404e-01
-8.0000000000e-01 -7.5000000000e-01 5.2729242404e-01
-8.0000000000e-01 -7.0000000000e-01 5.2729242404e-01
-8.0000000000e-01 -6.5000000000e-01 5.2729242404e-01
-8.0000000000e-01 -6.0000000000e-01 5.2729242404e-01
-8.0000000000e-01 -5.5000000000e-01 5.2729242404e-01
-8.0000000000e-01 -5.0000000000e-01 5.2729242404e-01
-8.0000000000e-01 -4.5000000000e-01 5.2729242404e-01
-8.0000000000e-01 -4.0000000000e-01 5.2729242404e-01
-8.0000000000e-01 -3.5000000000e-01 5.2729242404e-01
-8.0000000000e-01 -3.0000000000e-01 5.2729242404e-01
-8.0000000000e-01 -2.5000000000e-01 5.2729242404e-01
-8.0000000000e-01 -2.0000000000e-01 5.2729242404e-01
-8.0000000000e-01 -1.5000000000e-01 5.2729242404e-01
-8.0000000000e-01 -1.0000000000e-01 5.2729242404e-01
-8.0000000000e-01 -5.0000000000e-02 5.2729242404e-01
-8.0000000000e-01 0.0000000000e+00 5.2729242404e-01
-8.0000000000e-01 5.0000000000e-02 5.2729242404e-01
-8.0000000000e-01 1.0000000000e-01 5.2729242404e-01
-8.0000000000e-01 1.5000000000e-01 5.2729242404e-01
-8.0000000000e-01 2.0000000000e-01 5.2729242404e-01
-8.0000000000e-01 2.5000000000e-01 5.2729242404e-01
-8.0000000000e-01 3.0000000000e-01 5.2729242404e-01
-8.0000000000e-01 3.5000000000e-01 5.2729242404e-01
-8.0000000000e-01 4.0000000000e-01 5.2729242404e-01
-8.0000000000e-01 4.5000000000e-01 5.2729242404e-01
-8.0000000000e-01 5.0000000000e-01 5.2729242404e-01
-8.0000000000e-01 5.5000000000e-01 5.2729242404e-01
-8.0000000000e-01 6.0000000000e-01 5.2729242404e-01
-8.0000000000e-01 6.5000000000e-01 5.2729242404e-01
-8.0000000000e-01 7.0000000000e-01 5.2729242404e-01
-8.0000000000e-01 7.5000000000e-01 5.2729242404e-01
-8.0000000000e-01 8.0000000000e-01 5.2729242404e-01
-8.0000000000e-01 8.5000000000e-01 5.2729242404e-01
-8.0000000000e-01 9.0000000000e-01 5.2729242404e-01
-8.0000000000e-01 9.5000000000e-01 5.2729242404e-01
-8.0000000000e-01 1.0000000000e+00 5.2729242404e-01
-7.5000000000e-01 -1.0000000000e+00 5.6978282473e-01
-7.5000000000e-01 -9.5000000000e-01 5.6978282473e-01
-7.5000000000e-01 -9.0000000000e-01 5.6978282473e-01
-7.5000000000e-01 -8.5000000000e-01 5.6978282473e-01
-7.5000000000e-01 -8.0000000000e-01 5.6978282473e-01
-7.5000000000e-01 -7.5000000000e-01 5.6978282473e-01
-7.5000000000e-01 -7.0000000000e-01 5.6978282473e-01
-7.5000000000e-01 -6.5000000000e-01 5.6978282473e-01
-7.5000000000e-01 -6.0000000000e-01 5.6978282473e-01
-7.5000000000e-01 -5.5000000000e-01 5.6978282473e-01
-7.5000000000e-01 -5.0000000000e-01 5.6978282473e-01
-7.5000000000e-01 -4.5000000000e-01 5.6978282473e-01
-7.5000000000e-01 -4.0000000000e-01 5.6978282473e-01
-7.5000000000e-01 -3.5000000000e-01 5.6978282473e-01
-7.5000000000e-01 -3.0000000000e-01 5.6978282473e-01
-7.5000000000e-01 -2.5000000000e-01 5.6978282473e-01
-7.5000000000e-01 -2.0000000000e-01 5.6978282473e-01
-7.5000000000e-01 -1.5000000000e-01 5.6978282473e-01
-7.5000000000e-01 -1.0000000000e-01 5.6978282473e-01
-7.5000000000e-01 -5.0000000000e-02 5.6978282473e-01
-7.5000000000e-01 0.0000000000e+00 5.6978282473e-01
-7.5000000000e-01 5.0000000000e-02 5.6978282473e-01
-7.5000000000e-01 1.0000000000e-01 5.6978282473e-01
-7.5000000000e-01 1.5000000000e-01 5.6978282473e-01
-7.5000000000e-01 2.0000000000e-01 5.6978282473e-01
-7.5000000000e-01 2.5000000000e-01 5.6978282473e-01
-7.5000000000e-01 3.0000000000e-01 5.6978282473e-01
-7.5000000000e-01 3.5000000000e-01 5.6978282473e-01
-7.5000000000e-01 4.0000000000e-01 5.6978282473e-01
-7.5000000000e-01 4.5000000000e-01 5.6978282473e-01
-7.5000000000e-01 5.0000000000e-01 5.6978282473e-01
-7.5000000000e-01 5.5000000000e-01 5.6978282473e-01
-7.5000000000e-01 6.0000000000e-01 5.6978282473e-01
-7.5000000000e-01 6.5000000000e-01 5.6978282473e-01
-7.5000000000e-01 7.0000000000e-01 5.6978282473e-01
-7.5000000000e-01 7.5000000000e-01 5.6978282473e-01
-7.5000000000e-01 8.0000000000e-01 5.6978282473e-01
-7.5000000000e-01 8.5000000000e-01 5.6978282473e-01
-7.5000000000e-01 9.0000000000e-01 5.6978282473e-01
-7.5000000000e-01 9.5000000000e-01 5.6978282473e-01
-7.5000000000e-01 1.0000000000e+00 5.6978282473e-01
-7.0000000000e-01 -1.0000000000e+00 6.1262639418e-01
-7.0000000000e-01 -9.5000000000e-01 6.1262639418e-01
-7.0000000000e-01 -9.0000000000e-01 6.1262639418e-01
-7.0000000000e-01 -8.5000000000e-01 6.1262639418e-01
-7.0000000000e-01 -8.0000000000e-01 6.1262639418e-01
-7.0000000000e-01 -7.5000000000e-01 6.1262639418e-01
-7.0000000000e-01 -7.0000000000e-01 6.1262639418e-01
-7.0000000000e-01 -6.5000000000e-01 6.1262639418e-01
-7.0000000000e-01 -6.0000000000e-01 6.1262639418e-01
-7.0000000000e-01 -5.5000000000e-01 6.1262639418e-01
-7.0000000000e-01 -5.0000000000e-01 6.1262639418e-01
-7.0000000000e-01 -4.5000000000e-01 6.1262639418e-01
-7.0000000000e-01 -4.0000000000e-01 6.1262639418e-01
-7.0000000000e-01 -3.5000000000e-01 6.1262639418e-01
-7.0000000000e-01 -3.0000000000e-01 6.1262639418e-01
-7.0000000000e-01 -2.5000000000e-01 6.1262639418e-01
-7.0000000000e-01 -2.0000000000e-01 6.1262639418e-01
-7.0000000000e-01 -1.5000000000e-01 6.1262639418e-01
-7.0000000000e-01 -1.0000000000e-01 6.1262639418e-01
-7.0000000000e-01 -5.0000000000e-02 6.1262639418e-01
-7.0000000000e-01 0.0000000000e+00 6.1262639418e-01
-7.0000000000e-01 5.0000000000e-02 6.1262639418e-01
-7.0000000000e-01 1.0000000000e-01 6.1262639418e-01
-7.0000000000e-01 1.5000000000e-01 6.1262639418e-01
-7.0000000000e-01 2.0000000000e-01 6.1262639418e-01
-7.0000000000e-01 2.5000000000e-01 6.1262639418e-01
-7.0000000000e-01 3.0000000000e-01 6.1262639418e-01
-7.0000000000e-01 3.5000000000e-01 6.1262639418e-01
-7.0000000000e-01 4.0000000000e-01 6.1262639418e-01
-7.0000000000e-01 4.5000000000e-01 6.1262639418e-01
-7.0000000000e-01 5.0000000000e-01 6.1262639418e-01
-7.0000000000e-01 5.5000000000e-01 6.1262639418e-01
-7.0000000000e-01 6.0000000000e-01 6.1262639418e-01
-7.0000000000e-01 6.5000000000e-01 6.1262639418e-01
-7.0000000000e-01 7.0000000000e-01 6.1262639418e-01
-7.0000000000e-01 7.5000000000e-01 6.1262639418e-01
-7.0000000000e-01 8.0000000000e-01 6.1262639418e-01
-7.0000000000e-01 8.5000000000e-01 6.1262639418e-01
-7.0000000000e-01 9.0000000000e-01 6.1262639418e-01
-7.0000000000e-01 9.5000000000e-01 6.1262639418e-01
-7.0000000000e-01 1.0000000000e+00 6.1262639418e-01
-6.5000000000e-01 -1.0000000000e+00 6.5540625433e-01
-6.5000000000e-01 -9.5000000000e-01 6.5540625433e-01
-6.5000000000e-01 -9.0000000000e-01 6.5540625433e-01
-6.5000000000e-01 -8.5000000000e-01 6.5540625433e-01
-6.5000000000e-01 -8.0000000000e-01 6.5540625433e-01
-6.5000000000e-01 -7.5000000000e-01 6.5540625433e-01
-6.5000000000e-01 -7.0000000000e-01 6.5540625433e-01
-6.5000000000e-01 -6.5000000000e-01 6.5540625433e-01
-6.5000000000e-01 -6.0000000000e-01 6.5540625433e-01
-6.5000000000e-01 -5.5000000000e-01 6.5540625433e-01
-6.5000000000e-01 -5.0000000000e-01 6.5540625433e-01
-6.5000000000e-01 -4.5000000000e-01 6.5540625433e-01
-6.5000000000e-01 -4.0000000000e-01 6.5540625433e-01
-6.5000000000e-01 -3.5000000000e-01 6.5540625433e-01
-6.5000000000e-01 -3.0000000000e-01 6.5540625433e-01
-6.5000000000e-01 -2.5000000000e-01 6.5540625433e-01
-6.5000000000e-01 -2.0000000000e-01 6.5540625433e-01
-6.5000000000e-01 -1.5000000000e-01 6.5540625433e-01
-6.5000000000e-01 -1.0000000000e-01 6.5540625433e-01
-6.5000000000e-01 -5.0000000000e-02 6.5540625433e-01
-6.5000000000e-01 0.0000000000e+00 6.5540625433e-01
-6.5000000000e-01 5.0000000000e-02 6.5540625433e-01
-6.5000000000e-01 1.0000000000e-01 6.5540625433e-01
-6.5000000000e-01 1.5000000000e-01 6.5540625433e-01
-6.5000000000e-01 2.0000000000e-01 6.5540625433e-01
-6.5000000000e-01 2.5000000000e-01 6.5540625433e-01
-6.5000000000e-01 3.0000000000e-01 6.5540625433e-01
-6.5000000000e-01 3.5000000000e-01 6.5540625433e-01
-6.5000000000e-01 4.0000000000e-01 6.5540625433e-01
-6.5000000000e-01 4.5000000000e-01 6.5540625433e-01
-6.5000000000e-01 5.0000000000e-01 6.5540625433e-01
-6.5000000000e-01 5.5000000000e-01 6.5540625433e-01
-6.5000000000e-01 6.0000000000e-01 6.5540625433e-01
-6.5000000000e-01 6.5000000000e-01 6.5540625433e-01
-6.5000000000e-01 7.0000000000e-01 6.5540625433e-01
-6.5000000000e-01 7.5000000000e-01 6.5540625433e-01
-6.5000000000e-01 8.0000000000e-01 6.5540625433e-01
-6.5000000000e-01 8.5000000000e-01 6.5540625433e-01
-6.5000000000e-01 9.0000000000e-01 6.5540625433e-01
-6.5000000000e-01 9.5000000000e-01 6.5540625433e-01
-6.5000000000e-01 1.0000000000e+00 6.5540625433e-01
-6.0000000000e-01 -1.0000000000e+00 6.9767632607e-01
-6.0000000000e-01 -9.5000000000e-01 6.9767632607e-01
-6.0000000000e-01 -9.0000000000e-01 6.9767632607e-01
-6.0000000000e-01 -8.5000000000e-01 6.9767632607e-01
-6.0000000000e-01 -8.0000000000e-01 6.9767632607e-01
-6.0000000000e-01 -7.5000000000e-01 6.9767632607e-01
-6.0000000000e-01 -7.0000000000e-01 6.9767632607e-01
-6.0000000000e-01 -6.5000000000e-01 6.9767632607e-01
-6.0000000000e-01 -6.0000000000e-01 6.9767632607e-01
-6.0000000000e-01 -5.5000000000e-01 6.9767632607e-01
-6.0000000000e-01 -5.0000000000e-01 6.9767632607e-01
-6.0000000000e-01 -4.5000000000e-01 6.9767632607e-01
-6.0000000000e-01 -4.0000000000e-01 6.9767632607e-01
-6.0000000000e-01 -3.5000000000e-01 6.9767632607e-01
-6.0000000000e-01 -3.0000000000e-01 6.9767632607e-01
-6.0000000000e-01 -2.5000000000e-01 6.9767632607e-01
-6.0000000000e-01 -2.0000000000e-01 6.9767632607e-01
-6.0000000000e-01 -1.5000000000e-01 6.9767632607e-01
-6.0000000000e-01 -1.0000000000e-01 6.9767632607e-01
-6.0000000000e-01 -5.0000000000e-02 6.9767632607e-01
-6.0000000000e-01 0.0000000000e+00 6.9767632607e-01
-6.0000000000e-01 5.0000000000e-02 6.9767632607e-01
-6.0000000000e-01 1.0000000000e-01 6.9767632607e-01
-6.0000000000e-01 1.5000000000e-01 6.9767632607e-01
-6.0000000000e-01 2.0000000000e-01 6.9767632607e-01
-6.0000000000e-01 2.5000000000e-01 6.9767632607e-01
-6.0000000000e-01 3.0000000000e-01 6.9767632607e-01
-6.0000000000e-01 3.5000000000e-01 6.9767632607e-01
-6.0000000000e-01 4.0000000000e-01 6.9767632607e-01
-6.0000000000e-01 4.5000000000e-01 6.9767632607e-01
-6.0000000000e-01 5.0000000000e-01 6.9767632607e-01
-6.0000000000e-01 5.5000000000e-01 6.9767632607e-01
-6.0000000000e-01 6.0000000000e-01 6.9767632607e-01
-6.0000000000e-01 6.5000000000e-01 6.9767632607e-01
-6.0000000000e-01 7.0000000000e-01 6.9767632607e-01
-6.0000000000e-01 7.5000000000e-01 6.9767632607e-01
-6.0000000000e-01 8.0000000000e-01 6.9767632607e-01
-6.0000000000e-01 8.5000000000e-01 6.9767632607e-01
-6.0000000000e-01 9.0000000000e-01 6.9767632607e-01
-6.0000000000e-01 9.5000000000e-01 6.9767632607e-01
-6.0000000000e-01 1.0000000000e+00 6.9767632607e-01
-5.5000000000e-01 -1.0000000000e+00 7.3896848826e-01
-5.5000000000e-01 -9.5000000000e-01 7.3896848826e-01
-5.5000000000e-01 -9.0000000000e-01 7.3896848826e-01
-5.5000000000e-01 -8.5000000000e-01 7.3896848826e-01
-5.5000000000e-01 -8.0000000000e-01 7.3896848826e-01
-5.5000000000e-01 -7.5000000000e-01 7.3896848826e-01
-5.5000000000e-01 -7.0000000000e-01 7.3896848826e-01
-5.5000000000e-01 -6.5000000000e-01 7.3896848826e-01
-5.5000000000e-01 -6.0000000000e-01 7.3896848826e-01
-5.5000000000e-01 -5.5000000000e-01 7.3896848826e-01
-5.5000000000e-01 -5.0000000000e-01 7.3896848826e-01
-5.5000000000e-01 -4.5000000000e-01 7.3896848826e-01
-5.5000000000e-01 -4.0000000000e-01 7.3896848826e-01
-5.5000000000e-01 -3.5000000000e-01 7.3896848826e-01
-5.5000000000e-01 -3.0000000000e-01 7.3896848826e-01
-5.5000000000e-01 -2.5000000000e-01 7.3896848826e-01
-5.5000000000e-01 -2.0000000000e-01 7.3896848826e-01
-5.5000000000e-01 -1.5000000000e-01 7.3896848826e-01
-5.5000000000e-01 -1.0000000000e-01 7.3896848826e-01
-5.5000000000e-01 -5.0000000000e-02 7.3896848826e-01
-5.5000000000e-01 0.0000000000e+00 7.3896848826e-01
-5.5000000000e-01 5.0000000000e-02 7.3896848826e-01
-5.5000000000e-01 1.0000000000e-01 7.3896848826e-01
-5.5000000000e-01 1.5000000000e-01 7.3896848826e-01
-5.5000000000e-01 2.0000000000e-01 7.3896848826e-01
-5.5000000000e-01 2.5000000000e-01 7.3896848826e-01
-5.5000000000e-01 3.0000000000e-01 7.3896848826e-01
-5.5000000000e-01 3.5000000000e-01 7.3896848826e-01
-5.5000000000e-01 4.0000000000e-01 7.3896848826e-01
-5.5000000000e-01 4.5000000000e-01 7.3896848826e-01
-5.5000000000e-01 5.0000000000e-01 7.3896848826e-01
-5.5000000000e-01 5.5000000000e-01 7.3896848826e-01
-5.5000000000e-01 6.0000000000e-01 7.3896848826e-01
-5.5000000000e-01 6.5000000000e-01 7.3896848826e-01
-5.5000000000e-01 7.0000000000e-01 7.3896848826e-01
-5.5000000000e-01 7.5000000000e-01 7.3896848826e-01
-5.5000000000e-01 8.0000000000e-01 7.3896848826e-01
-5.5000000000e-01 8.5000000000e-01 7.3896848826e-01
-5.5000000000e-01 9.0000000000e-01 7.3896848826e-01
-5.5000000000e-01 9.5000000000e-01 7.3896848826e-01
-5.5000000000e-01 1.0000000000e+00 7.3896848826e-01
-5.0000000000e-01 -1.0000000000e+00 7.7880078307e-01
-5.0000000000e-01 -9.5000000000e-01 7.7880078307e-01
-5.0000000000e-01 -9.0000000000e-01 7.7880078307e-01
-5.0000000000e-01 -8.5000000000e-01 7.7880078307e-01
-5.0000000000e-01 -8.0000000000e-01 7.7880078307e-01
-5.0000000000e-01 -7.5000000000e-01 7.7880078307e-01
-5.0000000000e-01 -7.0000000000e-01 7.7880078307e-01
-5.0000000000e-01 -6.5000000000e-01 7.7880078307e-01
-5.0000000000e-01 -6.0000000000e-01 7.7880078307e-01
-5.0000000000e-01 -5.5000000000e-01 7.7880078307e-01
-5.0000000000e-01 -5.0000000000e-01 7.7880078307e-01
-5.0000000000e-01 -4.5000000000e-01 7.7880078307e-01
-5.0000000000e-01 -4.0000000000e-01 7.7880078307e-01
-5.0000000000e-01 -3.5000000000e-01 7.7880078307e-01
-5.0000000000e-01 -3.0000000000e-01 7.7880078307e-01
-5.0000000000e-01 -2.5000000000e-01 7.7880078307e-01
-5.0000000000e-01 -2.0000000000e-01 7.7880078307e-01
-5.0000000000e-01 -1.5000000000e-01 7.7880078307e-01
-5.0000000000e-01 -1.0000000000e-01 7.7880078307e-01
-5.0000000000e-01 -5.0000000000e-02 7.7880078307e-01
-5.0000000000e-01 0.0000000000e+00 7.7880078307e-01
-5.0000000000e-01 5.0000000000e-02 7.7880078307e-01
-5.0000000000e-01 1.0000000000e-01 7.7880078307e-01
-5.0000000000e-01 1.5000000000e-01 7.7880078307e-01
-5.0000000000e-01 2.0000000000e-01 7.7880078307e-01
-5.0000000000e-01 2.5000000000e-01 7.7880078307e-01
-5.0000000000e-01 3.0000000000e-01 7.7880078307e-01
-5.0000000000e-01 3.5000000000e-01 7.7880078307e-01
-5.0000000000e-01 4.0000000000e-01 7.7880078307e-01
-5.0000000000e-01 4.5000000000e-01 7.7880078307e-01
-5.0000000000e-01 5.0000000000e-01 7.7880078307e-01
-5.0000000000e-01 5.5000000000e-01 7.7880078307e-01
-5.0000000000e-01 6.0000000000e-01 7.7880078307e-01
-5.0000000000e-01 6.5000000000e-01 7.7880078307e-01
-5.0000000000e-01 7.0000000000e-01 7.7880078307e-01
-5.0000000000e-01 7.5000000000e-01 7.7880078307e-01
-5.0000000000e-01 8.0000000000e-01 7.7880078307e-01
-5.0000000000e-01 8.5000000000e-01 7.7880078307e-01
-5.0000000000e-01 9.0000000000e-01 7.7880078307e-01
-5.0000000000e-01 9.5000000000e-01 7.7880078307e-01
-5.0000000000e-01 1.0000000000e+00 7.7880078307e-01
-4.5000000000e-01 -1.0000000000e+00 8.1668648260e-01
-4.5000000000e-01 -9.5000000000e-01 8.1668648260e-01
-4.5000000000e-01 -9.0000000000e-01 8.1668648260e-01
-4.5000000000e-01 -8.5000000000e-01 8.1668648260e-01
-4.5000000000e-01 -8.0000000000e-01 8.1668648260e-01
-4.5000000000e-01 -7.5000000000e-01 8.1668648260e-01
-4.5000000000e-01 -7.0000000000e-01 8.1668648260e-01
-4.5000000000e-01 -6.5000000000e-01 8.1668648260e-01
-4.5000000000e-01 -6.0000000000e-01 8.1668648260e-01
-4.5000000000e-01 -5.5000000000e-01 8.1668648260e-01
-4.5000000000e-01 -5.0000000000e-01 8.1668648260e-01
-4.5000000000e-01 -4.5000000000e-01 8.1668648260e-01
-4.5000000000e-01 -4.0000000000e-01 8.1668648260e-01
-4.5000000000e-01 -3.5000000000e-01 8.1668648260e-01
-4.5000000000e-01 -3.0000000000e-01 8.1668648260e-01
-4.5000000000e-01 -2.5000000000e-01 8.1668648260e-01
-4.5000000000e-01 -2.0000000000e-01 8.1668648260e-01
-4.5000000000e-01 -1.5000000000e-01 8.1668648260e-01
-4.5000000000e-01 -1.0000000000e-01 8.1668648260e-01
-4.5000000000e-01 -5.0000000000e-02 8.1668648260e-01
-4.5000000000e-01 0.0000000000e+00 8.1668648260e-01
-4.5000000000e-01 5.0000000000e-02 8.1668648260e-01
-4.5000000000e-01 1.0000000000e-01 8.1668648260e-01
-4.5000000000e-01 1.5000000000e-01 8.1668648260e-01
-4.5000000000e-01 2.0000000000e-01 8.1668648260e-01
-4.5000000000e-01 2.5000000000e-01 8.1668648260e-01
-4.5000000000e-01 3.0000000000e-01 8.1668648260e-01
-4.5000000000e-01 3.5000000000e-01 8.1668648260e-01
-4.5000000000e-01 4.0000000000e-01 8.1668648260e-01
-4.5000000000e-01 4.5000000000e-01 8.1668648260e-01
-4.5000000000e-01 5.0000000000e-01 8.1668648260e-01
-4.5000000000e-01 5.5000000000e-01 8.1668648260e-01
-4.5000000000e-01 6.0000000000e-01 8.1668648260e-01
-4.5000000000e-01 6.5000000000e-01 8.1668648260e-01
-4.5000000000e-01 7.0000000000e-01 8.1668648260e-01
-4.5000000000e-01 7.5000000000e-01 8.1668648260e-01
-4.5000000000e-01 8.0000000000e-01 8.1668648260e-01
-4.5000000000e-01 8.5000000000e-01 8.1668648260e-01
-4.5000000000e-01 9.0000000000e-01 8.1668648260e-01
-4.5000000000e-01 9.5000000000e-01 8.1668648260e-01
-4.5000000000e-01 1.0000000000e+00 8.1668648260e-01
-4.0000000000e-01 -1.0000000000e+00 8.5214378897e-01
-4.0000000000e-01 -9.5000000000e-01 8.5214378897e-01
-4.0000000000e-01 -9.0000000000e-01 8.5214378897e-01
-4.0000000000e-01 -8.5000000000e-01 8.5214378897e-01
-4.0000000000e-01 -8.0000000000e-01 8.5214378897e-01
-4.0000000000e-01 -7.5000000000e-01 8.5214378897e-01
-4.0000000000e-01 -7.0000000000e-01 8.5214378897e-01
-4.0000000000e-01 -6.5000000000e-01 8.5214378897e-01
-4.0000000000e-01 -6.0000000000e-01 8.5214378897e-01
-4.0000000000e-01 -5.5000000000e-01 8.5214378897e-01
-4.0000000000e-01 -5.0000000000e-01 8.5214378897e-01
-4.0000000000e-01 -4.5000000000e-01 8.5214378897e-01
-4.0000000000e-01 -4.0000000000e-01 8.5214378897e-01
-4.0000000000e-01 -3.5000000000e-01 8.5214378897e-01
-4.0000000000e-01 -3.0000000000e-01 8.5214378897e-01
-4.0000000000e-01 -2.5000000000e-01 8.5214378897e-01
-4.0000000000e-01 -2.0000000000e-01 8.5214378897e-01
-4.0000000000e-01 -1.5000000000e-01 8.5214378897e-01
-4.0000000000e-01 -1.0000000000e-01 8.5214378897e-01
-4.0000000000e-01 -5.0000000000e-02 8.5214378897e-01
-4.0000000000e-01 0.0000000000e+00 8.5214378897e-01
-4.0000000000e-01 5.0000000000e-02 8.5214378897e-01
-4.0000000000e-01 1.0000000000e-01 8.5214378897e-01
-4.0000000000e-01 1.5000000000e-01 8.5214378897e-01
-4.0000000000e-01 2.0000000000e-01 8.5214378897e-01
-4.0000000000e-01 2.5000000000e-01 8.5214378897e-01
-4.0000000000e-01 3.0000000000e-01 8.5214378897e-01
-4.0000000000e-01 3.5000000000e-01 8.5214378897e-01
-4.0000000000e-01 4.0000000000e-01 8.5214378897e-01
-4.0000000000e-01 4.5000000000e-01 8.5214378897e-01
-4.0000000000e-01 5.0000000000e-01 8.5214378897e-01
-4.0000000000e-01 5.5000000000e-01 8.5214378897e-01
-4.0000000000e-01 6.0000000000e-01 8.5214378897e-01
-4.0000000000e-01 6.5000000000e-01 8.5214378897e-01
-4.0000000000e-01 7.0000000000e-01 8.5214378897e-01
-4.0000000000e-01 7.5000000000e-01 8.5214378897e-01
-4.0000000000e-01 8.0000000000e-01 8.5214378897e-01
-4.0000000000e-01 8.5000000000e-01 8.5214378897e-01
-4.0000000000e-01 9.0000000000e-01 8.5214378897e-01
-4.0000000000e-01 9.5000000000e-01 8.5214378897e-01
-4.0000000000e-01 1.0000000000e+00 8.5214378897e-01
-3.5000000000e-01 -1.0000000000e+00 8.8470590494e-01
-3.5000000000e-01 -9.5000000000e-01 8.8470590494e-01
-3.5000000000e-01 -9.0000000000e-01 8.8470590494e-01
-3.5000000000e-01 -8.5000000000e-01 8.8470590494e-01
-3.5000000000e-01 -8.0000000000e-01 8.8470590494e-01
-3.5000000000e-01 -7.5000000000e-01 8.8470590494e-01
-3.5000000000e-01 -7.0000000000e-01 8.8470590494e-01
-3.5000000000e-01 -6.5000000000e-01 8.8470590494e-01
-3.5000000000e-01 -6.0000000000e-01 8.8470590494e-01
-3.5000000000e-01 -5.5000000000e-01 8.8470590494e-01
-3.5000000000e-01 -5.0000000000e-01 8.8470590494e-01
-3.5000000000e-01 -4.5000000000e-01 8.8470590494e-01
-3.5000000000e-01 -4.0000000000e-01 8.8470590494e-01
-3.5000000000e-01 -3.5000000000e-01 8.8470590494e-01
-3.5000000000e-01 -3.0000000000e-01 8.8470590494e-01
-3.5000000000e-01 -2.5000000000e-01 8.8470590494e-01
-3.5000000000e-01 -2.0000000000e-01 8.8470590494e-01
-3.5000000000e-01 -1.5000000000e-01 8.8470590494e-01
-3.5000000000e-01 -1.0000000000e-01 8.8470590494e-01
-3.5000000000e-01 -5.0000000000e-02 8.8470590494e-01
-3.5000000000e-01 0.0000000000e+00 8.8470590494e-01
-3.5000000000e-01 5.0000000000e-02 8.8470590494e-01
-3.5000000000e-01 1.0000000000e-01 8.8470590494e-01
-3.5000000000e-01 1.5000000000e-01 8.8470590494e-01
-3.5000000000e-01 2.0000000000e-01 8.8470590494e-01
-3.5000000000e-01 2.5000000000e-01 8.8470590494e-01
-3.5000000000e-01 3.0000000000e-01 8.8470590494e-01
-3.5000000000e-01 3.5000000000e-01 8.8470590494e-01
-3.5000000000e-01 4.0000000000e-01 8.8470590494e-01
-3.5000000000e-01 4.5000000000e-01 8.8470590494e-01
-3.5000000000e-01 5.0000000000e-01 8.8470590494e-01
-3.5000000000e-01 5.5000000000e-01 8.8470590494e-01
-3.5000000000e-01 6.0000000000e-01 8.8470590494e-01
-3.5000000000e-01 6.5000000000e-01 8.8470590494e-01
-3.5000000000e-01 7.0000000000e-01 8.8470590494e-01
-3.5000000000e-01 7.5000000000e-01 8.8470590494e-01
-3.5000000000e-01 8.0000000000e-01 8.8470590494e-01
-3.5000000000e-01 8.5000000000e-01 8.8470590494e-01
-3.5000000000e-01 9.0000000000e-01 8.8470590494e-01
-3.5000000000e-01 9.5000000000e-01 8.8470590494e-01
-3.5000000000e-01 1.0000000000e+00 8.8470590494e-01
-3.0000000000e-01 -1.0000000000e+00 9.1393118527e-01
-3.0000000000e-01 -9.5000000000e-01 9.1393118527e-01
-3.0000000000e-01 -9.0000000000e-01 9.1393118527e-01
-3.0000000000e-01 -8.5000000000e-01 9.1393118527e-01
-3.0000000000e-01 -8.0000000000e-01 9.1393118527e-01
-3.0000000000e-01 -7.5000000000e-01 9.1393118527e-01
-3.0000000000e-01 -7.0000000000e-01 9.1393118527e-01
-3.0000000000e-01 -6.5000000000e-01 9.1393118527e-01
-3.0000000000e-01 -6.0000000000e-01 9.1393118527e-01
-3.0000000000e-01 -5.5000000000e-01 9.1393118527e-01
-3.0000000000e-01 -5.0000000000e-01 9.1393118527e-01
-3.0000000000e-01 -4.5000000000e-01 9.1393118527e-01
-3.0000000000e-01 -4.0000000000e-01 9.1393118527e-01
-3.0000000000e-01 -3.5000000000e-01 9.1393118527e-01
-3.0000000000e-01 -3.0000000000e-01 9.1393118527e-01
-3.0000000000e-01 -2.5000000000e-01 9.1393118527e-01
-3.0000000000e-01 -2.0000000000e-01 9.1393118527e-01
-3.0000000000e-01 -1.5000000000e-01 9.1393118527e-01
-3.0000000000e-01 -1.0000000000e-01 9.1393118527e-01
-3.0000000000e-01 -5.0000000000e-02 9.1393118527e-01
-3.0000000000e-01 0.0000000000e+00 9.1393118527e-01
-3.0000000000e-01 5.0000000000e-02 9.1393118527e-01
-3.0000000000e-01 1.0000000000e-01 9.1393118527e-01
-3.0000000000e-01 1.5000000000e-01 9.1393118527e-01
-3.0000000000e-01 2.0000000000e-01 9.1393118527e-01
-3.0000000000e-01 2.5000000000e-01 9.1393118527e-01
-3.0000000000e-01 3.0000000000e-01 9.1393118527e-01
-3.0000000000e-01 3.5000000000e-01 9.1393118527e-01
-3.0000000000e-01 4.0000000000e-01 9.1393118527e-01
-3.0000000000e-01 4.5000000000e-01 9.1393118527e-01
-3.0000000000e-01 5.0000000000e-01 9.1393118527e-01
-3.0000000000e-01 5.5000000000e-01 9.1393118527e-01
-3.0000000000e-01 6.0000000000e-01 9.1393118527e-01
-3.0000000000e-01 6.5000000000e-01 9.1393118527e-01
-3.0000000000e-01 7.0000000000e-01 9.1393118527e-01
-3.0000000000e-01 7.5000000000e-01 9.1393118527e-01
-3.0000000000e-01 8.0000000000e-01 9.1393118527e-01
-3.0000000000e-01 8.5000000000e-01 9.1393118527e-01
-3.0000000000e-01 9.0000000000e-01 9.1393118527e-01
-3.0000000000e-01 9.5000000000e-01 9.1393118527e-01
-3.0000000000e-01 1.0000000000e+00 9.1393118527e-01
-2.5000000000e-01 -1.0000000000e+00 9.3941306281e-01
-2.5000000000e-01 -9.5000000000e-01 9.3941306281e-01
-2.5000000000e-01 -9.0000000000e-01 9.3941306281e-01
-2.5000000000e-01 -8.5000000000e-01 9.3941306281e-01
-2.5000000000e-01 -8.0000000000e-01 9.3941306281e-01
-2.5000000000e-01 -7.5000000000e-01 9.3941306281e-01
-2.5000000000e-01 -7.0000000000e-01 9.3941306281e-01
-2.5000000000e-01 -6.5000000000e-01 9.3941306281e-01
-2.5000000000e-01 -6.0000000000e-01 9.3941306281e-01
-2.5000000000e-01 -5.5000000000e-01 9.3941306281e-01
-2.5000000000e-01 -5.0000000000e-01 9.3941306281e-01
-2.5000000000e-01 -4.5000000000e-01 9.3941306281e-01
-2.5000000000e-01 -4.0000000000e-01 9.3941306281e-01
-2.5000000000e-01 -3.5000000000e-01 9.3941306281e-01
-2.5000000000e-01 -3.0000000000e-01 9.3941306281e-01
-2.5000000000e-01 -2.5000000000e-01 9.3941306281e-01
-2.5000000000e-01 -2.0000000000e-01 9.3941306281e-01
-2.5000000000e-01 -1.5000000000e-01 9.3941306281e-01
-2.5000000000e-01 -1.0000000000e-01 9.3941306281e-01
-2.5000000000e-01 -5.0000000000e-02 9.3941306281e-01
-2.5000000000e-01 0.0000000000e+00 9.3941306281e-01
-2.5000000000e-01 5.0000000000e-02 9.3941306281e-01
-2.5000000000e-01 1.0000000000e-01 9.3941306281e-01
-2.5000000000e-01 1.5000000000e-01 9.3941306281e-01
-2.5000000000e-01 2.0000000000e-01 9.3941306281e-01
-2.5000000000e-01 2.5000000000e-01 9.3941306281e-01
-2.5000000000e-01 3.0000000000e-01 9.3941306281e-01
-2.5000000000e-01 3.5000000000e-01 9.3941306281e-01
-2.5000000000e-01 4.0000000000e-01 9.3941306281e-01
-2.5000000000e-01 4.5000000000e-01 9.3941306281e-01
-2.5000000000e-01 5.0000000000e-01 9.3941306281e-01
-2.5000000000e-01 5.5000000000e-01 9.3941306281e-01
-2.5000000000e-01 6.0000000000e-01 9.3941306281e-01
-2.5000000000e-01 6.5000000000e-01 9.3941306281e-01
-2.5000000000e-01 7.0000000000e-01 9.3941306281e-01
-2.5000000000e-01 7.5000000000e-01 9.3941306281e-01
-2.5000000000e-01 8.0000000000e-01 9.3941306281e-01
-2.5000000000e-01 8.5000000000e-01 9.3941306281e-01
-2.5000000000e-01 9.0000000000e-01 9.3941306281e-01
-2.5000000000e-01 9.5000000000e-01 9.3941306281e-01
-2.5000000000e-01 1.0000000000e+00 9.3941306281e-01
-2.0000000000e-01 -1.0000000000e+00 9.6078943915e-01
-2.0000000000e-01 -9.5000000000e-01 9.6078943915e-01
-2.0000000000e-01 -9.0000000000e-01 9.6078943915e-01
-2.0000000000e-01 -8.5000000000e-01 9.6078943915e-01
-2.0000000000e-01 -8.0000000000e-01 9.6078943915e-01
-2.0000000000e-01 -7.5000000000e-01 9.6078943915e-01
-2.0000000000e-01 -7.0000000000e-01 9.6078943915e-01
-2.0000000000e-01 -6.5000000000e-01 9.6078943915e-01
-2.0000000000e-01 -6.0000000000e-01 9.6078943915e-01
-2.0000000000e-01 -5.5000000000e-01 9.6078943915e-01
-2.0000000000e-01 -5.0000000000e-01 9.6078943915e-01
-2.0000000000e-01 -4.5000000000e-01 9.6078943915e-01
-2.0000000000e-01 -4.0000000000e-01 9.6078943915e-01
-2.0000000000e-01 -3.5000000000e-01 9.6078943915e-01
-2.0000000000e-01 -3.0000000000e-01 9.6078943915e-01
-2.0000000000e-01 -2.5000000000e-01 9.6078943915e-01
-2.0000000000e-01 -2.0000000000e-01 9.6078943915e-01
-2.0000000000e-01 -1.5000000000e-01 9.6078943915e-01
-2.0000000000e-01 -1.0000000000e-01 9.6078943915e-01
-2.0000000000e-01 -5.0000000000e-02 9.6078943915e-01
-2.0000000000e-01 0.0000000000e+00 9.6078943915e-01
-2.0000000000e-01 5.0000000000e-02 9.6078943915e-01
-2.0000000000e-01 1.0000000000e-01 9.6078943915e-01
-2.0000000000e-01 1.5000000000e-01 9.6078943915e-01
-2.0000000000e-01 2.0000000000e-01 9.6078943915e-01
-2.0000000000e-01 2.5000000000e-01 9.6078943915e-01
-2.0000000000e-01 3.0000000000e-01 9.6078943915e-01
-2.0000000000e-01 3.5000000000e-01 9.6078943915e-01
-2.0000000000e-01 4.0000000000e-01 9.6078943915e-01
-2.0000000000e-01 4.5000000000e-01 9.6078943915e-01
-2.0000000000e-01 5.0000000000e-01 9.6078943915e-01
-2.0000000000e-01 5.5000000000e-01 9.6078943915e-01
-2.0000000000e-01 6.0000000000e-01 9.6078943915e-01
-2.0000000000e-01 6.5000000000e-01 9.6078943915e-01
-2.0000000000e-01 7.0000000000e-01 9.6078943915e-01
-2.0000000000e-01 7.5000000000e-01 9.6078943915e-01
-2.0000000000e-01 8.0000000000e-01 9.6078943915e-01
-2.0000000000e-01 8.5000000000e-01 9.6078943915e-01
-2.0000000000e-01 9.0000000000e-01 9.6078943915e-01
-2.0000000000e-01 9.5000000000e-01 9.6078943915e-01
-2.0000000000e-01 1.0000000000e+00 9.6078943915e-01
-1.5000000000e-01 -1.0000000000e+00 9.7775123719e-01
-1.5000000000e-01 -9.5000000000e-01 9.7775123719e-01
-1.5000000000e-01 -9.0000000000e-01 9.7775123719e-01
-1.5000000000e-01 -8.5000000000e-01 9.7775123719e-01
-1.5000000000e-01 -8.0000000000e-01 9.7775123719e-01
-1.5000000000e-01 -7.5000000000e-01 9.7775123719e-01
-1.5000000000e-01 -7.0000000000e-01 9.7775123719e-01
-1.5000000000e-01 -6.5000000000e-01 9.7775123719e-01
-1.5000000000e-01 -6.0000000000e-01 9.7775123719e-01
-1.5000000000e-01 -5.5000000000e-01 9.7775123719e-01
-1.5000000000e-01 -5.0000000000e-01 9.7775123719e-01
-1.5000000000e-01 -4.5000000000e-01 9.7775123719e-01
-1.5000000000e-01 -4.0000000000e-01 9.7775123719e-01
-1.5000000000e-01 -3.5000000000e-01 9.7775123719e-01
-1.5000000000e-01 -3.0000000000e-01 9.7775123719e-01
-1.5000000000e-01 -2.5000000000e-01 9.7775123719e-01
-1.5000000000e-01 -2.0000000000e-01 9.7775123719e-01
-1.5000000000e-01 -1.5000000000e-01 9.7775123719e-01
-1.5000000000e-01 -1.0000000000e-01 9.7775123719e-01
-1.5000000000e-01 -5.0000000000e-02 9.7775123719e-01
-1.5000000000e-01 0.0000000000e+00 9.7775123719e-01
-1.5000000000e-01 5.0000000000e-02 9.7775123719e-01
-1.5000000000e-01 1.0000000000e-01 9.7775123719e-01
-1.5000000000e-01 1.5000000000e-01 9.7775123719e-01
-1.5000000000e-01 2.0000000000e-01 9.7775123719e-01
-1.5000000000e-01 2.5000000000e-01 9.7775123719e-01
-1.5000000000e-01 3.0000000000e-01 9.7775123719e-01
-1.5000000000e-01 3.5000000000e-01 9.7775123719e-01
-1.5000000000e-01 4.0000000000e-01 9.7775123719e-01
-1.5000000000e-01 4.5000000000e-01 9.7775123719e-01
-1.5000000000e-01 5.0000000000e-01 9.7775123719e-01
-1.5000000000e-01 5.5000000000e-01 9.7775123719e-01
-1.5000000000e-01 6.0000000000e-01 9.7775123719e-01
-1.5000000000e-01 6.5000000000e-01 9.7775123719e-01
-1.5000000000e-01 7.0000000000e-01 9.7775123719e-01
-1.5000000000e-01 7.5000000000e-01 9.7775123719e-01
-1.5000000000e-01 8.0000000000e-01 9.7775123719e-01
-1.5000000000e-01 8.5000000000e-01 9.7775123719e-01
-1.5000000000e-01 9.0000000000e-01 9.7775123719e-01
-1.5000000000e-01 9.5000000000e-01 9.7775123719e-01
-1.5000000000e-01 1.0000000000e+00 9.7775123719e-01
-1.0000000000e-01 -1.0000000000e+00 9.9004983375e-01
-1.0000000000e-01 -9.5000000000e-01 9.9004983375e-01
-1.0000000000e-01 -9.0000000000e-01 9.9004983375e-01
-1.0000000000e-01 -8.5000000000e-01 9.9004983375e-01
-1.0000000000e-01 -8.0000000000e-01 9.9004983375e-01
-1.0000000000e-01 -7.5000000000e-01 9.9004983375e-01
-1.0000000000e-01 -7.0000000000e-01 9.9004983375e-01
-1.0000000000e-01 -6.5000000000e-01 9.9004983375e-01
-1.0000000000e-01 -6.0000000000e-01 9.9004983375e-01
-1.0000000000e-01 -5.5000000000e-01 9.9004983375e-01
-1.0000000000e-01 -5.0000000000e-01 9.9004983375e-01
-1.0000000000e-01 -4.5000000000e-01 9.9004983375e-01
-1.0000000000e-01 -4.0000000000e-01 9.9004983375e-01
-1.0000000000e-01 -3.5000000000e-01 9.9004983375e-01
-1.0000000000e-01 -3.0000000000e-01 9.9004983375e-01
-1.0000000000e-01 -2.5000000000e-01 9.9004983375e-01
-1.0000000000e-01 -2.0000000000e-01 9.9004983375e-01
-1.0000000000e-01 -1.5000000000e-01 9.9004983375e-01
-1.0000000000e-01 -1.0000000000e-01 9.9004983375e-01
-1.0000000000e-01 -5.0000000000e-02 9.9004983375e-01
-1.0000000000e-01 0.0000000000e+00 9.9004983375e-01
-1.0000000000e-01 5.0000000000e-02 9.9004983375e-01
-1.0000000000e-01 1.0000000000e-01 9.9004983375e-01
-1.0000000000e-01 1.5000000000e-01 9.9004983375e-01
-1.0000000000e-01 2.0000000000e-01 9.9004983375e-01
-1.0000000000e-01 2.5000000000e-01 9.9004983375e-01
-1.0000000000e-01 3.0000000000e-01 9.9004983375e-01
-1.0000000000e-01 3.5000000000e-01 9.9004983375e-01
-1.0000000000e-01 4.0000000000e-01 9.9004983375e-01
-1.0000000000e-01 4.5000000000e-01 9.9004983375e-01
-1.0000000000e-01 5.0000000000e-01 9.9004983375e-01
-1.0000000000e-01 5.5000000000e-01 9.9004983375e-01
-1.0000000000e-01 6.0000000000e-01 9.9004983375e-01
-1.0000000000e-01 6.5000000000e-01 9.9004983375e-01
-1.0000000000e-01 7.0000000000e-01 9.9004983375e-01
-1.0000000000e-01 7.5000000000e-01 9.9004983375e-01
-1.0000000000e-01 8.0000000000e-01 9.9004983375e-01
-1.0000000000e-01 8.5000000000e-01 9.9004983375e-01
-1.0000000000e-01 9.0000000000e-01 9.9004983375e-01
-1.0000000000e-01 9.5000000000e-01 9.9004983375e-01
-1.0000000000e-01 1.0000000000e+00 9.9004983375e-01
-5.0000000000e-02 -1.0000000000e+00 9.9750312240e-01
-5.0000000000e-02 -9.5000000000e-01 9.9750312240e-01
-5.0000000000e-02 -9.0000000000e-01 9.9750312240e-01
-5.0000000000e-02 -8.5000000000e-01 9.9750312240e-01
-5.0000000000e-02 -8.0000000000e-01 9.9750312240e-01
-5.0000000000e-02 -7.5000000000e-01 9.9750312240e-01
-5.0000000000e-02 -7.0000000000e-01 9.9750312240e-01
-5.0000000000e-02 -6.5000000000e-01 9.9750312240e-01
-5.0000000000e-02 -6.0000000000e-01 9.9750312240e-01
-5.0000000000e-02 -5.5000000000e-01 9.9750312240e-01
-5.0000000000e-02 -5.0000000000e-01 9.9750312240e-01
-5.0000000000e-02 -4.5000000000e-01 9.9750312240e-01
-5.0000000000e-02 -4.0000000000e-01 9.9750312240e-01
-5.0000000000e-02 -3.5000000000e-01 9.9750312240e-01
-5.0000000000e-02 -3.0000000000e-01 9.9750312240e-01
-5.0000000000e-02 -2.5000000000e-01 9.9750312240e-01
-5.0000000000e-02 -2.0000000000e-01 9.9750312240e-01
-5.0000000000e-02 -1.5000000000e-01 9.9750312240e-01
-5.0000000000e-02 -1.0000000000e-01 9.9750312240e-01
-5.0000000000e-02 -5.0000000000e-02 9.9750312240e-01
-5.0000000000e-02 0.0000000000e+00 9.9750312240e-01
-5.0000000000e-02 5.0000000000e-02 9.9750312240e-01
-5.0000000000e-02 1.0000000000e-01 9.9750312240e-01
-5.0000000000e-02 1.5000000000e-01 9.9750312240e-01
-5.0000000000e-02 2.0000000000e-01 9.9750312240e-01
-5.0000000000e-02 2.5000000000e-01 9.9750312240e-01
-5.0000000000e-02 3.0000000000e-01 9.9750312240e-01
-5.0000000000e-02 3.5000000000e-01 9.9750312240e-01
-5.0000000000e-02 4.0000000000e-01 9.9750312240e-01
-5.0000000000e-02 4.5000000000e-01 9.9750312240e-01
-5.0000000000e-02 5.0000000000e-01 9.9750312240e-01
-5.0000000000e-02 5.5000000000e-01 9.9750312240e-01
-5.0000000000e-02 6.0000000000e-01 9.9750312240e-01
-5.0000000000e-02 6.5000000000e-01 9.9750312240e-01
-5.0000000000e-02 7.0000000000e-01 9.9750312240e-01
-5.0000000000e-02 7.5000000000e-01 9.9750312240e-01
-5.0000000000e-02 8.0000000000e-01 9.9750312240e-01
-5.0000000000e-02 8.5000000000e-01 9.9750312240e-01
-5.0000000000e-02 9.0000000000e-01 9.9750312240e-01
-5.0000000000e-02 9.5000000000e-01 9.9750312240e-01
-5.0000000000e-02 1.0000000000e+00 9.9750312240e-01
0.0000000000e+00 -1.0000000000e+00 1.0000000000e+00
0.0000000000e+00 -9.5000000000e-01 1.1024114416e+00
0.0000000000e+00 -9.0000000000e-01 1.2092495977e+00
0.0000000000e+00 -8.5000000000e-01 1.3198261191e+00
0.0000000000e+00 -8.0000000000e-01 1.4333294146e+00
0.0000000000e+00 -7.5000000000e-01 1.5488302986e+00
0.0000000000e+00 -7.0000000000e-01 1.6652911949e+00
0.0000000000e+00 -6.5000000000e-01 1.7815789114e+00
0.0000000000e+00 -6.0000000000e-01 1.8964808793e+00
0.0000000000e+00 -5.5000000000e-01 2.0087246134e+00
0.0000000000e+00 -5.0000000000e-01 2.1170000166e+00
0.0000000000e+00 -4.5000000000e-01 2.2199840252e+00
0.0000000000e+00 -4.0000000000e-01 2.3163669768e+00
0.0000000000e+00 -3.5000000000e-01 2.4048799849e+00
0.0000000000e+00 -3.0000000000e-01 2.4843225334e+00
0.0000000000e+00 -2.5000000000e-01 2.5535894581e+00
0.0000000000e+00 -2.0000000000e-01 2.6116964734e+00
0.0000000000e+00 -1.5000000000e-01 2.6578034208e+00
0.0000000000e+00 -1.0000000000e-01 2.6912344723e+00
0.0000000000e+00 -5.0000000000e-02 2.7114946114e+00
0.0000000000e+00 0.0000000000e+00 2.7182818285e+00
0.0000000000e+00 5.0000000000e-02 2.6323677370e+00
0.0000000000e+00 1.0000000000e-01 2.5464536456e+00
0.0000000000e+00 1.5000000000e-01 2.4605395542e+00
0.0000000000e+00 2.0000000000e-01 2.3746254628e+00
0.0000000000e+00 2.5000000000e-01 2.2887113713e+00
0.0000000000e+00 3.0000000000e-01 2.2027972799e+00
0.0000000000e+00 3.5000000000e-01 2.1168831885e+00
0.0000000000e+00 4.0000000000e-01 2.0309690971e+00
0.0000000000e+00 4.5000000000e-01 1.9450550057e+00
0.0000000000e+00 5.0000000000e-01 1.8591409142e+00
0.0000000000e+00 5.5000000000e-01 1.7732268228e+00
0.0000000000e+00 6.0000000000e-01 1.6873127314e+00
0.0000000000e+00 6.5000000000e-01 1.6013986400e+00
0.0000000000e+00 7.0000000000e-01 1.5154845485e+00
0.0000000000e+00 7.5000000000e-01 1.4295704571e+00
0.0000000000e+00 8.0000000000e-01 1.3436563657e+00
0.0000000000e+00 8.5000000000e-01 1.2577422743e+00
0.0000000000e+00 9.0000000000e-01 1.1718281828e+00
0.0000000000e+00 9.5000000000e-01 1.0859140914e+00
0.0000000000e+00 1.0000000000e+00 1.0000000000e+00
5.0000000000e-02 0.0000000000e+00 2.7114946114e+00
5.0000000000e-02 5.0000000000e-02 2.6257950370e+00
5.0000000000e-02 1.0000000000e-01 2.5400954625e+00
5.0000000000e-02 1.5000000000e-01 2.4543958881e+00
5.0000000000e-02 2.0000000000e-01 2.3686963136e+00
5.0000000000e-02 2.5000000000e-01 2.2829967392e+00
5.0000000000e-02 3.0000000000e-01 2.1972971647e+00
5.0000000000e-02 3.5000000000e-01 2.1115975903e+00
5.0000000000e-02 4.0000000000e-01 2.0258980158e+00
5.0000000000e-02 4.5000000000e-01 1.9401984414e+00
5.0000000000e-02 5.0000000000e-01 1.8544988669e+00
5.0000000000e-02 5.5000000000e-01 1.7687992925e+00
5.0000000000e-02 6.0000000000e-01 1.6830997180e+00
5.0000000000e-02 6.5000000000e-01 1.5974001436e+00
5.0000000000e-02 7.0000000000e-01 1.5117005691e+00
5.0000000000e-02 7.5000000000e-01 1.4260009947e+00
5.0000000000e-02 8.0000000000e-01 1.3403014202e+00
5.0000000000e-02 8.5000000000e-01 1.2546018458e+00
5.0000000000e-02 9.0000000000e-01 1.1689022713e+00
5.0000000000e-02 9.5000000000e-01 1.0832026968e+00
5.0000000000e-02 1.0000000000e+00 9.9750312240e-01
1.0000000000e-01 0.0000000000e+00 2.6912344723e+00
1.0000000000e-01 5.0000000000e-02 2.6061752404e+00
1.0000000000e-01 1.0000000000e-01 2.5211160085e+00
1.0000000000e-01 1.5000000000e-01 2.4360567766e+00
1.0000000000e-01 2.0000000000e-01 2.3509975446e+00
1.0000000000e-01 2.5000000000e-01 2.2659383127e+00
1.0000000000e-01 3.0000000000e-01 2.1808790808e+00
1.0000000000e-01 3.5000000000e-01 2.0958198488e+00
1.0000000000e-01 4.0000000000e-01 2.0107606169e+00
1.0000000000e-01 4.5000000000e-01 1.9257013850e+00
1.0000000000e-01 5.0000000000e-01 1.8406421530e+00
1.0000000000e-01 5.5000000000e-01 1.7555829211e+00
1.0000000000e-01 6.0000000000e-01 1.6705236892e+00
1.0000000000e-01 6.5000000000e-01 1.5854644573e+00
1.0000000000e-01 7.0000000000e-01 1.5004052253e+00
1.0000000000e-01 7.5000000000e-01 1.4153459934e+00
1.0000000000e-01 8.0000000000e-01 1.3302867615e+00
1.0000000000e-01 8.5000000000e-01 1.2452275295e+00
1.0000000000e-01 9.0000000000e-01 1.1601682976e+00
1.0000000000e-01 9.5000000000e-01 1.0751090657e+00
1.0000000000e-01 1.0000000000e+00 9.9004983375e-01
1.5000000000e-01 0.0000000000e+00 2.6578034208e+00
1.5000000000e-01 5.0000000000e-02 2.5738008116e+00
1.5000000000e-01 1.0000000000e-01 2.4897982025e+00
1.5000000000e-01 1.5000000000e-01 2.4057955933e+00
1.5000000000e-01 2.0000000000e-01 2.3217929841e+00
1.5000000000e-01 2.5000000000e-01 2.2377903749e+00
1.5000000000e-01 3.0000000000e-01 2.1537877657e+00
1.5000000000e-01 3.5000000000e-01 2.0697851565e+00
1.5000000000e-01 4.0000000000e-01 1.9857825474e+00
1.5000000000e-01 4.5000000000e-01 1.9017799382e+00
1.5000000000e-01 5.0000000000e-01 1.8177773290e+00
1.5000000000e-01 5.5000000000e-01 1.7337747198e+00
1.5000000000e-01 6.0000000000e-01 1.6497721106e+00
1.5000000000e-01 6.5000000000e-01 1.5657695015e+00
1.5000000000e-01 7.0000000000e-01 1.4817668923e+00
1.5000000000e-01 7.5000000000e-01 1.3977642831e+00
1.5000000000e-01 8.0000000000e-01 1.3137616739e+00
1.5000000000e-01 8.5000000000e-01 1.2297590647e+00
1.5000000000e-01 9.0000000000e-01 1.1457564556e+00
1.5000000000e-01 9.5000000000e-01 1.0617538464e+00
1.5000000000e-01 1.0000000000e+00 9.7775123719e-01
2.0000000000e-01 0.0000000000e+00 2.6116964734e+00
2.0000000000e-01 5.0000000000e-02 2.5291511217e+00
2.0000000000e-01 1.0000000000e-01 2.4466057700e+00
2.0000000000e-01 1.5000000000e-01 2.3640604183e+00
2.0000000000e-01 2.0000000000e-01 2.2815150666e+00
2.0000000000e-01 2.5000000000e-01 2.1989697149e+00
2.0000000000e-01 3.0000000000e-01 2.1164243631e+00
2.0000000000e-01 3.5000000000e-01 2.0338790114e+00
2.0000000000e-01 4.0000000000e-01 1.9513336597e+00
2.0000000000e-01 4.5000000000e-01 1.8687883080e+00
2.0000000000e-01 5.0000000000e-01 1.7862429563e+00
2.0000000000e-01 5.5000000000e-01 1.7036976046e+00
2.0000000000e-01 6.0000000000e-01 1.6211522529e+00
2.0000000000e-01 6.5000000000e-01 1.5386069011e+00
2.0000000000e-01 7.0000000000e-01 1.4560615494e+00
2.0000000000e-01 7.5000000000e-01 1.3735161977e+00
2.0000000000e-01 8.0000000000e-01 1.2909708460e+00
2.0000000000e-01 8.5000000000e-01 1.2084254943e+00
2.0000000000e-01 9.0000000000e-01 1.1258801426e+00
2.0000000000e-01 9.5000000000e-01 1.0433347909e+00
2.0000000000e-01 1.0000000000e+00 9.6078943915e-01
2.5000000000e-01 0.0000000000e+00 2.5535894581e+00
2.5000000000e-01 5.0000000000e-02 2.4728806383e+00
2.5000000000e-01 1.0000000000e-01 2.3921718185e+00
2.5000000000e-01 1.5000000000e-01 2.3114629988e+00
2.5000000000e-01 2.0000000000e-01 2.2307541790e+00
2.5000000000e-01 2.5000000000e-01 2.1500453593e+00
2.5000000000e-01 3.0000000000e-01 2.0693365395e+00
2.5000000000e-01 3.5000000000e-01 1.9886277197e+00
2.5000000000e-01 4.0000000000e-01 1.9079189000e+00
2.5000000000e-01 4.5000000000e-01 1.8272100802e+00
2.5000000000e-01 5.0000000000e-01 1.7465012604e+00
2.5000000000e-01 5.5000000000e-01 1.6657924407e+00
2.5000000000e-01 6.0000000000e-01 1.5850836209e+00
2.5000000000e-01 6.5000000000e-01 1.5043748012e+00
2.5000000000e-01 7.0000000000e-01 1.4236659814e+00
2.5000000000e-01 7.5000000000e-01 1.3429571616e+00
2.5000000000e-01 8.0000000000e-01 1.2622483419e+00
2.5000000000e-01 8.5000000000e-01 1.1815395221e+00
2.5000000000e-01 9.0000000000e-01 1.1008307023e+00
2.5000000000e-01 9.5000000000e-01 1.0201218826e+00
2.5000000000e-01 1.0000000000e+00 9.3941306281e-01
3.0000000000e-01 0.0000000000e+00 2.4843225334e+00
3.0000000000e-01 5.0000000000e-02 2.4058029660e+00
3.0000000000e-01 1.0000000000e-01 2.3272833986e+00
3.0000000000e-01 1.5000000000e-01 2.2487638312e+00
3.0000000000e-01 2.0000000000e-01 2.1702442638e+00
3.0000000000e-01 2.5000000000e-01 2.0917246964e+00
3.0000000000e-01 3.0000000000e-01 2.0132051290e+00
3.0000000000e-01 3.5000000000e-01 1.9346855615e+00
3.0000000000e-01 4.0000000000e-01 1.8561659941e+00
3.0000000000e-01 4.5000000000e-01 1.7776464267e+00
3.0000000000e-01 5.0000000000e-01 1.6991268593e+00
3.0000000000e-01 5.5000000000e-01 1.6206072919e+00
3.0000000000e-01 6.0000000000e-01 1.5420877245e+00
3.0000000000e-01 6.5000000000e-01 1.4635681571e+00
3.0000000000e-01 7.0000000000e-01 1.3850485897e+00
3.0000000000e-01 7.5000000000e-01 1.3065290223e+00
3.0000000000e-01 8.0000000000e-01 1.2280094549e+00
3.0000000000e-01 8.5000000000e-01 1.1494898875e+00
3.0000000000e-01 9.0000000000e-01 1.0709703201e+00
3.0000000000e-01 9.5000000000e-01 9.9245075268e-01
3.0000000000e-01 1.0000000000e+00 9.1393118527e-01
3.5000000000e-01 0.0000000000e+00 2.4048799849e+00
3.5000000000e-01 5.0000000000e-02 2.3288712809e+00
3.5000000000e-01 1.0000000000e-01 2.2528625769e+00
3.5000000000e-01 1.5000000000e-01 2.1768538729e+00
3.5000000000e-01 2.0000000000e-01 2.1008451689e+00
3.5000000000e-01 2.5000000000e-01 2.0248364649e+00
3.5000000000e-01 3.0000000000e-01 1.9488277609e+00
3.5000000000e-01 3.5000000000e-01 1.8728190569e+00
3.5000000000e-01 4.0000000000e-01 1.7968103529e+00
3.5000000000e-01 4.5000000000e-01 1.7208016489e+00
3.5000000000e-01 5.0000000000e-01 1.6447929449e+00
3.5000000000e-01 5.5000000000e-01 1.5687842409e+00
3.5000000000e-01 6.0000000000e-01 1.4927755369e+00
3.5000000000e-01 6.5000000000e-01 1.4167668329e+00
3.5000000000e-01 7.0000000000e-01 1.3407581289e+00
3.5000000000e-01 7.5000000000e-01 1.2647494249e+00
3.5000000000e-01 8.0000000000e-01 1.1887407209e+00
3.5000000000e-01 8.5000000000e-01 1.1127320169e+00
3.5000000000e-01 9.0000000000e-01 1.0367233129e+00
3.5000000000e-01 9.5000000000e-01 9.6071460894e-01
3.5000000000e-01 1.0000000000e+00 8.8470590494e-01
4.0000000000e-01 0.0000000000e+00 2.3163669768e+00
4.0000000000e-01 5.0000000000e-02 2.2431558174e+00
4.0000000000e-01 1.0000000000e-01 2.1699446580e+00
4.0000000000e-01 1.5000000000e-01 2.0967334986e+00
4.0000000000e-01 2.0000000000e-01 2.0235223392e+00
4.0000000000e-01 2.5000000000e-01 1.9503111798e+00
4.0000000000e-01 3.0000000000e-01 1.8771000204e+00
4.0000000000e-01 3.5000000000e-01 1.8038888610e+00
4.0000000000e-01 4.0000000000e-01 1.7306777017e+00
4.0000000000e-01 4.5000000000e-01 1.6574665423e+00
4.0000000000e-01 5.0000000000e-01 1.5842553829e+00
4.0000000000e-01 5.5000000000e-01 1.5110442235e+00
4.0000000000e-01 6.0000000000e-01 1.4378330641e+00
4.0000000000e-01 6.5000000000e-01 1.3646219047e+00
4.0000000000e-01 7.0000000000e-01 1.2914107453e+00
4.0000000000e-01 7.5000000000e-01 1.2181995859e+00
4.0000000000e-01 8.0000000000e-01 1.1449884265e+00
4.0000000000e-01 8.5000000000e-01 1.0717772671e+00
4.0000000000e-01 9.0000000000e-01 9.9856610775e-01
4.0000000000e-01 9.5000000000e-01 9.2535494836e-01
4.0000000000e-01 1.0000000000e+00 8.5214378897e-01
4.5000000000e-01 0.0000000000e+00 2.2199840252e+00
4.5000000000e-01 5.0000000000e-02 2.1498191481e+00
4.5000000000e-01 1.0000000000e-01 2.0796542709e+00
4.5000000000e-01 1.5000000000e-01 2.0094893938e+00
4.5000000000e-01 2.0000000000e-01 1.9393245167e+00
4.5000000000e-01 2.5000000000e-01 1.8691596395e+00
4.5000000000e-01 3.0000000000e-01 1.7989947624e+00
4.5000000000e-01 3.5000000000e-01 1.7288298853e+00
4.5000000000e-01 4.0000000000e-01 1.6586650082e+00
4.5000000000e-01 4.5000000000e-01 1.5885001310e+00
4.5000000000e-01 5.0000000000e-01 1.5183352539e+00
4.5000000000e-01 5.5000000000e-01 1.4481703768e+00
4.5000000000e-01 6.0000000000e-01 1.3780054996e+00
4.5000000000e-01 6.5000000000e-01 1.3078406225e+00
4.5000000000e-01 7.0000000000e-01 1.2376757454e+00
4.5000000000e-01 7.5000000000e-01 1.1675108682e+00
4.5000000000e-01 8.0000000000e-01 1.0973459911e+00
4.5000000000e-01 8.5000000000e-01 1.0271811140e+00
4.5000000000e-01 9.0000000000e-01 9.5701623686e-01
4.5000000000e-01 9.5000000000e-01 8.8685135973e-01
4.5000000000e-01 1.0000000000e+00 8.1668648260e-01
5.0000000000e-01 0.0000000000e+00 2.1170000166e+00
5.0000000000e-01 5.0000000000e-02 2.0500900549e+00
5.0000000000e-01 1.0000000000e-01 1.9831800933e+00
5.0000000000e-01 1.5000000000e-01 1.9162701316e+00
5.0000000000e-01 2.0000000000e-01 1.8493601699e+00
5.0000000000e-01 2.5000000000e-01 1.7824502082e+00
5.0000000000e-01 3.0000000000e-01 1.7155402466e+00
5.0000000000e-01 3.5000000000e-01 1.6486302849e+00
5.0000000000e-01 4.0000000000e-01 1.5817203232e+00
5.0000000000e-01 4.5000000000e-01 1.5148103615e+00
5.0000000000e-01 5.0000000000e-01 1.4479003998e+00
5.0000000000e-01 5.5000000000e-01 1.3809904382e+00
5.0000000000e-01 6.0000000000e-01 1.3140804765e+00
5.0000000000e-01 6.5000000000e-01 1.2471705148e+00
5.0000000000e-01 7.0000000000e-01 1.1802605531e+00
5.0000000000e-01 7.5000000000e-01 1.1133505915e+00
5.0000000000e-01 8.0000000000e-01 1.0464406298e+00
5.0000000000e-01 8.5000000000e-01 9.7953066810e-01
5.0000000000e-01 9.0000000000e-01 9.1262070643e-01
5.0000000000e-01 9.5000000000e-01 8.4571074475e-01
5.0000000000e-01 1.0000000000e+00 7.7880078307e-01
5.5000000000e-01 0.0000000000e+00 2.0087246134e+00
5.5000000000e-01 5.0000000000e-02 1.9452368072e+00
5.5000000000e-01 1.0000000000e-01 1.8817490009e+00
5.5000000000e-01 1.5000000000e-01 1.8182611947e+00
5.5000000000e-01 2.0000000000e-01 1.7547733884e+00
5.5000000000e-01 2.5000000000e-01 1.6912855821e+00
5.5000000000e-01 3.0000000000e-01 1.6277977759e+00
5.5000000000e-01 3.5000000000e-01 1.5643099696e+00
5.5000000000e-01 4.0000000000e-01 1.5008221634e+00
5.5000000000e-01 4.5000000000e-01 1.4373343571e+00
5.5000000000e-01 5.0000000000e-01 1.3738465508e+00
5.5000000000e-01 5.5000000000e-01 1.3103587446e+00
5.5000000000e-01 6.0000000000e-01 1.2468709383e+00
5.5000000000e-01 6.5000000000e-01 1.1833831321e+00
5.5000000000e-01 7.0000000000e-01 1.1198953258e+00
5.5000000000e-01 7.5000000000e-01 1.0564075196e+00
5.5000000000e-01 8.0000000000e-01 9.9291971329e-01
5.5000000000e-01 8.5000000000e-01 9.2943190704e-01
5.5000000000e-01 9.0000000000e-01 8.6594410078e-01
5.5000000000e-01 9.5000000000e-01 8.0245629452e-01
5.5000000000e-01 1.0000000000e+00 7.3896848826e-01
6.0000000000e-01 0.0000000000e+00 1.8964808793e+00
6.0000000000e-01 5.0000000000e-02 1.8365406516e+00
6.0000000000e-01 1.0000000000e-01 1.7766004240e+00
6.0000000000e-01 1.5000000000e-01 1.7166601963e+00
6.0000000000e-01 2.0000000000e-01 1.6567199687e+00
6.0000000000e-01 2.5000000000e-01 1.5967797410e+00
6.0000000000e-01 3.0000000000e-01 1.5368395133e+00
6.0000000000e-01 3.5000000000e-01 1.4768992857e+00
6.0000000000e-01 4.0000000000e-01 1.4169590580e+00
6.0000000000e-01 4.5000000000e-01 1.3570188303e+00
6.0000000000e-01 5.0000000000e-01 1.2970786027e+00
6.0000000000e-01 5.5000000000e-01 1.2371383750e+00
6.0000000000e-01 6.0000000000e-01 1.1771981474e+00
6.0000000000e-01 6.5000000000e-01 1.1172579197e+00
6.0000000000e-01 7.0000000000e-01 1.0573176920e+00
6.0000000000e-01 7.5000000000e-01 9.9737746438e-01
6.0000000000e-01 8.0000000000e-01 9.3743723672e-01
6.0000000000e-01 8.5000000000e-01 8.7749700906e-01
6.0000000000e-01 9.0000000000e-01 8.1755678139e-01
6.0000000000e-01 9.5000000000e-01 7.5761655373e-01
6.0000000000e-01 1.0000000000e+00 6.9767632607e-01
6.5000000000e-01 0.0000000000e+00 1.7815789114e+00
6.5000000000e-01 5.0000000000e-02 1.7252702785e+00
6.5000000000e-01 1.0000000000e-01 1.6689616457e+00
6.5000000000e-01 1.5000000000e-01 1.6126530128e+00
6.5000000000e-01 2.0000000000e-01 1.5563443800e+00
6.5000000000e-01 2.5000000000e-01 1.5000357471e+00
6.5000000000e-01 3.0000000000e-01 1.4437271143e+00
6.5000000000e-01 3.5000000000e-01 1.3874184814e+00
6.5000000000e-01 4.0000000000e-01 1.3311098486e+00
6.5000000000e-01 4.5000000000e-01 1.2748012157e+00
6.5000000000e-01 5.0000000000e-01 1.2184925829e+00
6.5000000000e-01 5.5000000000e-01 1.1621839500e+00
6.5000000000e-01 6.0000000000e-01 1.1058753172e+00
6.5000000000e-01 6.5000000000e-01 1.0495666843e+00
6.5000000000e-01 7.0000000000e-01 9.9325805145e-01
6.5000000000e-01 7.5000000000e-01 9.3694941859e-01
6.5000000000e-01 8.0000000000e-01 8.8064078574e-01
6.5000000000e-01 8.5000000000e-01 8.2433215289e-01
6.5000000000e-01 9.0000000000e-01 7.6802352003e-01
6.5000000000e-01 9.5000000000e-01 7.1171488718e-01
6.5000000000e-01 1.0000000000e+00 6.5540625433e-01
7.0000000000e-01 0.0000000000e+00 1.6652911949e+00
7.0000000000e-01 5.0000000000e-02 1.6126579549e+00
7.0000000000e-01 1.0000000000e-01 1.5600247149e+00
7.0000000000e-01 1.5000000000e-01 1.5073914748e+00
7.0000000000e-01 2.0000000000e-01 1.4547582348e+00
7.0000000000e-01 2.5000000000e-01 1.4021249948e+00
7.0000000000e-01 3.0000000000e-01 1.3494917547e+00
7.0000000000e-01 3.5000000000e-01 1.2968585147e+00
7.0000000000e-01 4.0000000000e-01 1.2442252746e+00
7.0000000000e-01 4.5000000000e-01 1.1915920346e+00
7.0000000000e-01 5.0000000000e-01 1.1389587946e+00
7.0000000000e-01 5.5000000000e-01 1.0863255545e+00
7.0000000000e-01 6.0000000000e-01 1.0336923145e+00
7.0000000000e-01 6.5000000000e-01 9.8105907445e-01
7.0000000000e-01 7.0000000000e-01 9.2842583441e-01
7.0000000000e-01 7.5000000000e-01 8.7579259437e-01
7.0000000000e-01 8.0000000000e-01 8.2315935434e-01
7.0000000000e-01 8.5000000000e-01 7.7052611430e-01
7.0000000000e-01 9.0000000000e-01 7.1789287426e-01
7.0000000000e-01 9.5000000000e-01 6.6525963422e-01
7.0000000000e-01 1.0000000000e+00 6.1262639418e-01
7.5000000000e-01 0.0000000000e+00 1.5488302986e+00
7.5000000000e-01 5.0000000000e-02 1.4998779249e+00
7.5000000000e-01 1.0000000000e-01 1.4509255512e+00
7.5000000000e-01 1.5000000000e-01 1.4019731775e+00
7.5000000000e-01 2.0000000000e-01 1.3530208039e+00
7.5000000000e-01 2.5000000000e-01 1.3040684302e+00
7.5000000000e-01 3.0000000000e-01 1.2551160565e+00
7.5000000000e-01 3.5000000000e-01 1.2061636828e+00
7.5000000000e-01 4.0000000000e-01 1.1572113091e+00
7.5000000000e-01 4.5000000000e-01 1.1082589354e+00
7.5000000000e-01 5.0000000000e-01 1.0593065617e+00
7.5000000000e-01 5.5000000000e-01 1.0103541880e+00
7.5000000000e-01 6.0000000000e-01 9.6140181429e-01
7.5000000000e-01 6.5000000000e-01 9.1244944060e-01
7.5000000000e-01 7.0000000000e-01 8.6349706690e-01
7.5000000000e-01 7.5000000000e-01 8.1454469321e-01
7.5000000000e-01 8.0000000000e-01 7.6559231951e-01
7.5000000000e-01 8.5000000000e-01 7.1663994582e-01
7.5000000000e-01 9.0000000000e-01 6.6768757212e-01
7.5000000000e-01 9.5000000000e-01 6.1873519843e-01
7.5000000000e-01 1.0000000000e+00 5.6978282473e-01
8.0000000000e-01 0.0000000000e+00 1.4333294146e+00
8.0000000000e-01 5.0000000000e-02 1.3880275650e+00
8.0000000000e-01 1.0000000000e-01 1.3427257155e+00
8.0000000000e-01 1.5000000000e-01 1.2974238660e+00
8.0000000000e-01 2.0000000000e-01 1.2521220165e+00
8.0000000000e-01 2.5000000000e-01 1.2068201669e+00
8.0000000000e-01 3.0000000000e-01 1.1615183174e+00
8.0000000000e-01 3.5000000000e-01 1.1162164679e+00
8.0000000000e-01 4.0000000000e-01 1.0709146184e+00
8.0000000000e-01 4.5000000000e-01 1.0256127688e+00
8.0000000000e-01 5.0000000000e-01 9.8031091930e-01
8.0000000000e-01 5.5000000000e-01 9.3500906978e-01
8.0000000000e-01 6.0000000000e-01 8.8970722025e-01
8.0000000000e-01 6.5000000000e-01 8.4440537072e-01
8.0000000000e-01 7.0000000000e-01 7.9910352120e-01
8.0000000000e-01 7.5000000000e-01 7.5380167167e-01
8.0000000000e-01 8.0000000000e-01 7.0849982215e-01
8.0000000000e-01 8.5000000000e-01 6.6319797262e-01
8.0000000000e-01 9.0000000000e-01 6.1789612309e-01
8.0000000000e-01 9.5000000000e-01 5.7259427357e-01
8.0000000000e-01 1.0000000000e+00 5.2729242404e-01
8.5000000000e-01 0.0000000000e+00 1.3198261191e+00
8.5000000000e-01 5.0000000000e-02 1.2781116579e+00
8.5000000000e-01 1.0000000000e-01 1.2363971967e+00
8.5000000000e-01 1.5000000000e-01 1.1946827355e+00
8.5000000000e-01 2.0000000000e-01 1.1529682743e+00
8.5000000000e-01 2.5000000000e-01 1.1112538131e+00
8.5000000000e-01 3.0000000000e-01 1.0695393519e+00
8.5000000000e-01 3.5000000000e-01 1.0278248907e+00
8.5000000000e-01 4.0000000000e-01 9.8611042955e-01
8.5000000000e-01 4.5000000000e-01 9.4439596835e-01
8.5000000000e-01 5.0000000000e-01 9.0268150715e-01
8.5000000000e-01 5.5000000000e-01 8.6096704595e-01
8.5000000000e-01 6.0000000000e-01 8.1925258475e-01
8.5000000000e-01 6.5000000000e-01 7.7753812355e-01
8.5000000000e-01 7.0000000000e-01 7.3582366235e-01
8.5000000000e-01 7.5000000000e-01 6.9410920115e-01
8.5000000000e-01 8.0000000000e-01 6.5239473995e-01
8.5000000000e-01 8.5000000000e-01 6.1068027875e-01
8.5000000000e-01 9.0000000000e-01 5.6896581755e-01
8.5000000000e-01 9.5000000000e-01 5.2725135635e-01
8.5000000000e-01 1.0000000000e+00 4.8553689515e-01
9.0000000000e-01 0.0000000000e+00 1.2092495977e+00
9.0000000000e-01 5.0000000000e-02 1.1710300211e+00
9.0000000000e-01 1.0000000000e-01 1.1328104445e+00
9.0000000000e-01 1.5000000000e-01 1.0945908679e+00
9.0000000000e-01 2.0000000000e-01 1.0563712914e+00
9.0000000000e-01 2.5000000000e-01 1.0181517148e+00
9.0000000000e-01 3.0000000000e-01 9.7993213823e-01
9.0000000000e-01 3.5000000000e-01 9.4171256166e-01
9.0000000000e-01 4.0000000000e-01 9.0349298508e-01
9.0000000000e-01 4.5000000000e-01 8.6527340851e-01
9.0000000000e-01 5.0000000000e-01 8.2705383194e-01
9.0000000000e-01 5.5000000000e-01 7.8883425537e-01
9.0000000000e-01 6.0000000000e-01 7.5061467880e-01
9.0000000000e-01 6.5000000000e-01 7.1239510222e-01
9.0000000000e-01 7.0000000000e-01 6.7417552565e-01
9.0000000000e-01 7.5000000000e-01 6.3595594908e-01
9.0000000000e-01 8.0000000000e-01 5.9773637251e-01
9.0000000000e-01 8.5000000000e-01 5.5951679594e-01
9.0000000000e-01 9.0000000000e-01 5.2129721937e-01
9.0000000000e-01 9.5000000000e-01 4.8307764279e-01
9.0000000000e-01 1.0000000000e+00 4.4485806622e-01
9.5000000000e-01 0.0000000000e+00 1.1024114416e+00
9.5000000000e-01 5.0000000000e-02 1.0675685947e+00
9.5000000000e-01 1.0000000000e-01 1.0327257479e+00
9.5000000000e-01 1.5000000000e-01 9.9788290109e-01
9.5000000000e-01 2.0000000000e-01 9.6304005426e-01
9.5000000000e-01 2.5000000000e-01 9.2819720744e-01
9.5000000000e-01 3.0000000000e-01 8.9335436061e-01
9.5000000000e-01 3.5000000000e-01 8.5851151379e-01
9.5000000000e-01 4.0000000000e-01 8.2366866696e-01
9.5000000000e-01 4.5000000000e-01 7.8882582014e-01
9.5000000000e-01 5.0000000000e-01 7.5398297331e-01
9.5000000000e-01 5.5000000000e-01 7.1914012649e-01
9.5000000000e-01 6.0000000000e-01 6.8429727966e-01
9.5000000000e-01 6.5000000000e-01 6.4945443284e-01
9.5000000000e-01 7.0000000000e-01 6.1461158601e-01
9.5000000000e-01 7.5000000000e-01 5.7976873919e-01
9.5000000000e-01 8.0000000000e-01 5.4492589236e-01
9.5000000000e-01 8.5000000000e-01 5.1008304554e-01
9.5000000000e-01 9.0000000000e-01 4.7524019871e-01
9.5000000000e-01 9.5000000000e-01 4.4039735189e-01
9.5000000000e-01 1.0000000000e+00 4.0555450506e-01
1.0000000000e+00 0.0000000000e+00 1.0000000000e+00
1.0000000000e+00 5.0000000000e-02 9.9750312240e-01
1.0000000000e+00 1.0000000000e-01 9.9004983375e-01
1.0000000000e+00 1.5000000000e-01 9.7775123719e-01
1.0000000000e+00 2.0000000000e-01 9.6078943915e-01
1.0000000000e+00 2.5000000000e-01 9.3941306281e-01
1.0000000000e+00 3.0000000000e-01 9.1393118527e-01
1.0000000000e+00 3.5000000000e-01 8.8470590494e-01
1.0000000000e+00 4.0000000000e-01 8.5214378897e-01
1.0000000000e+00 4.5000000000e-01 8.1668648260e-01
1.0000000000e+00 5.0000000000e-01 7.7880078307e-01
1.0000000000e+00 5.5000000000e-01 7.3896848826e-01
1.0000000000e+00 6.0000000000e-01 6.9767632607e-01
1.0000000000e+00 6.5000000000e-01 6.5540625433e-01
1.0000000000e+00 7.0000000000e-01 6.1262639418e-01
1.0000000000e+00 7.5000000000e-01 5.6978282473e-01
1.0000000000e+00 8.0000000000e-01 5.2729242404e-01
1.0000000000e+00 8.5000000000e-01 4.8553689515e-01
1.0000000000e+00 9.0000000000e-01 4.4485806622e-01
1.0000000000e+00 9.5000000000e-01 4.0555450506e-01
1.0000000000e+00 1.0000000000e+00 3.6787944117e-01
