# x y v_numerical
-1.0000000000e+00 -1.0000000000e+00 3.6787944117e-01
-1.0000000000e+00 -9.5000000000e-01 4.0555450506e-01
-1.0000000000e+00 -9.0000000000e-01 4.4485806622e-01
-1.0000000000e+00 -8.5000000000e-01 4.8553689515e-01
-1.0000000000e+00 -8.0000000000e-01 5.2729242404e-01
-1.0000000000e+00 -7.5000000000e-01 5.6978282473e-01
-1.0000000000e+00 -7.0000000000e-01 6.1262639418e-01
-1.0000000000e+00 -6.5000000000e-01 6.5540625433e-01
-1.0000000000e+00 -6.0000000000e-01 6.9767632607e-01
-1.0000000000e+00 -5.5000000000e-01 7.3896848826e-01
-1.0000000000e+00 -5.0000000000e-01 7.7880078307e-01
-1.0000000000e+00 -4.5000000000e-01 8.1668648260e-01
-1.0000000000e+00 -4.0000000000e-01 8.5214378897e-01
-1.0000000000e+00 -3.5000000000e-01 8.8470590494e-01
-1.0000000000e+00 -3.0000000000e-01 9.1393118527e-01
-1.0000000000e+00 -2.5000000000e-01 9.3941306281e-01
-1.0000000000e+00 -2.0000000000e-01 9.6078943915e-01
-1.0000000000e+00 -1.5000000000e-01 9.7775123719e-01
-1.0000000000e+00 -1.0000000000e-01 9.9004983375e-01
-1.0000000000e+00 -5.0000000000e-02 9.9750312240e-01
-1.0000000000e+00 0.0000000000e+00 1.0000000000e+00
-1.0000000000e+00 5.0000000000e-02 9.9750312240e-01
-1.0000000000e+00 1.0000000000e-01 9.9004983375e-01
-1.0000000000e+00 1.5000000000e-01 9.7775123719e-01
-1.0000000000e+00 2.0000000000e-01 9.6078943915e-01
-1.0000000000e+00 2.5000000000e-01 9.3941306281e-01
-1.0000000000e+00 3.0000000000e-01 9.1393118527e-01
-1.0000000000e+00 3.5000000000e-01 8.8470590494e-01
-1.0000000000e+00 4.0000000000e-01 8.5214378897e-01
-1.0000000000e+00 4.5000000000e-01 8.1668648260e-01
-1.0000000000e+00 5.0000000000e-01 7.7880078307e-01
-1.0000000000e+00 5.5000000000e-01 7.3896848826e-01
-1.0000000000e+00 6.0000000000e-01 6.9767632607e-01
-1.0000000000e+00 6.5000000000e-01 6.5540625433e-01
-1.0000000000e+00 7.0000000000e-01 6.1262639418e-01
-1.0000000000e+00 7.5000000000e-01 5.6978282473e-01
-1.0000000000e+00 8.0000000000e-01 5.2729242404e-01
-1.0000000000e+00 8.5000000000e-01 4.8553689515e-01
-1.0000000000e+00 9.0000000000e-01 4.4485806622e-01
-1.0000000000e+00 9.5000000000e-01 4.0555450506e-01
-1.0000000000e+00 1.0000000000e+00 3.6787944117e-01
-9.5000000000e-01 -1.0000000000e+00 4.0555450506e-01
-9.5000000000e-01 -9.5000000000e-01 4.4707730381e-01
-9.5000000000e-01 -9.0000000000e-01 4.9039965490e-01
-9.5000000000e-01 -8.5000000000e-01 5.3524090147e-01
-9.5000000000e-01 -8.0000000000e-01 5.8127119349e-01
-9.5000000000e-01 -7.5000000000e-01 6.2811329355e-01
-9.5000000000e-01 -7.0000000000e-01 6.7534613335e-01
-9.5000000000e-01 -6.5000000000e-01 7.2250992224e-01
-9.5000000000e-01 -6.0000000000e-01 7.6911269985e-01
-9.5000000000e-01 -5.5000000000e-01 8.1463821240e-01
-9.5000000000e-01 -5.0000000000e-01 8.5855495118e-01
-9.5000000000e-01 -4.5000000000e-01 9.0032614538e-01
-9.5000000000e-01 -4.0000000000e-01 9.3942045641e-01
-9.5000000000e-01 -3.5000000000e-01 9.7532308250e-01
-9.5000000000e-01 -3.0000000000e-01 1.0075469537e+00
-9.5000000000e-01 -2.5000000000e-01 1.0356436792e+00
-9.5000000000e-01 -2.0000000000e-01 1.0592139049e+00
-9.5000000000e-01 -1.5000000000e-01 1.0779167468e+00
-9.5000000000e-01 -1.0000000000e-01 1.0914779896e+00
-9.5000000000e-01 -5.0000000000e-02 1.0996967749e+00
-9.5000000000e-01 0.0000000000e+00 1.1024505501e+00
-9.5000000000e-01 5.0000000000e-02 1.0996981093e+00
-9.5000000000e-01 1.0000000000e-01 1.0914806191e+00
-9.5000000000e-01 1.5000000000e-01 1.0779205944e+00
-9.5000000000e-01 2.0000000000e-01 1.0592188593e+00
-9.5000000000e-01 2.5000000000e-01 1.0356495991e+00
-9.5000000000e-01 3.0000000000e-01 1.0075536734e+00
-9.5000000000e-01 3.5000000000e-01 9.7533041813e-01
-9.5000000000e-01 4.0000000000e-01 9.3942821214e-01
-9.5000000000e-01 4.5000000000e-01 9.0033411973e-01
-9.5000000000e-01 5.0000000000e-01 8.5856294291e-01
-9.5000000000e-01 5.5000000000e-01 8.1464602582e-01
-9.5000000000e-01 6.0000000000e-01 7.6912014940e-01
-9.5000000000e-01 6.5000000000e-01 7.2251683627e-01
-9.5000000000e-01 7.0000000000e-01 6.7535235718e-01
-9.5000000000e-01 7.5000000000e-01 6.2811869171e-01
-9.5000000000e-01 8.0000000000e-01 5.8127565141e-01
-9.5000000000e-01 8.5000000000e-01 5.3524432657e-01
-9.5000000000e-01 9.0000000000e-01 4.9040197726e-01
-9.5000000000e-01 9.5000000000e-01 4.4707847671e-01
-9.5000000000e-01 1.0000000000e+00 4.0555450506e-01
-9.0000000000e-01 -1.0000000000e+00 4.4485806622e-01
-9.0000000000e-01 -9.5000000000e-01 4.9039960804e-01
-9.0000000000e-01 -9.0000000000e-01 5.3791656646e-01
-9.0000000000e-01 -8.5000000000e-01 5.8710124635e-01
-9.0000000000e-01 -8.0000000000e-01 6.3759167052e-01
-9.0000000000e-01 -7.5000000000e-01 6.8897385087e-01
-9.0000000000e-01 -7.0000000000e-01 7.4078573635e-01
-9.0000000000e-01 -6.5000000000e-01 7.9252281533e-01
-9.0000000000e-01 -6.0000000000e-01 8.4364529543e-01
-9.0000000000e-01 -5.5000000000e-01 8.9358673733e-01
-9.0000000000e-01 -5.0000000000e-01 9.4176396619e-01
-9.0000000000e-01 -4.5000000000e-01 9.8758803212e-01
-9.0000000000e-01 -4.0000000000e-01 1.0304759420e+00
-9.0000000000e-01 -3.5000000000e-01 1.0698628425e+00
-9.0000000000e-01 -3.0000000000e-01 1.1052143031e+00
-9.0000000000e-01 -2.5000000000e-01 1.1360383285e+00
-9.0000000000e-01 -2.0000000000e-01 1.1618967229e+00
-9.0000000000e-01 -1.5000000000e-01 1.1824154423e+00
-9.0000000000e-01 -1.0000000000e-01 1.1972935911e+00
-9.0000000000e-01 -5.0000000000e-02 1.2063107615e+00
-9.0000000000e-01 0.0000000000e+00 1.2093324649e+00
-9.0000000000e-01 5.0000000000e-02 1.2063134696e+00
-9.0000000000e-01 1.0000000000e-01 1.1972989271e+00
-9.0000000000e-01 1.5000000000e-01 1.1824232489e+00
-9.0000000000e-01 2.0000000000e-01 1.1619067729e+00
-9.0000000000e-01 2.5000000000e-01 1.1360503339e+00
-9.0000000000e-01 3.0000000000e-01 1.1052279265e+00
-9.0000000000e-01 3.5000000000e-01 1.0698777095e+00
-9.0000000000e-01 4.0000000000e-01 1.0304916549e+00
-9.0000000000e-01 4.5000000000e-01 9.8760418202e-01
-9.0000000000e-01 5.0000000000e-01 9.4178014531e-01
-9.0000000000e-01 5.5000000000e-01 8.9360254972e-01
-9.0000000000e-01 6.0000000000e-01 8.4366036615e-01
-9.0000000000e-01 6.5000000000e-01 7.9253679808e-01
-9.0000000000e-01 7.0000000000e-01 7.4079831946e-01
-9.0000000000e-01 7.5000000000e-01 6.8898476175e-01
-9.0000000000e-01 8.0000000000e-01 6.3760067893e-01
-9.0000000000e-01 8.5000000000e-01 5.8710816641e-01
-9.0000000000e-01 9.0000000000e-01 5.3792125795e-01
-9.0000000000e-01 9.5000000000e-01 4.9040197726e-01
-9.0000000000e-01 1.0000000000e+00 4.4485806622e-01
-8.5000000000e-01 -1.0000000000e+00 4.8553689515e-01
-8.5000000000e-01 -9.5000000000e-01 5.3524071407e-01
-8.5000000000e-01 -9.0000000000e-01 5.8710101201e-01
-8.5000000000e-01 -8.5000000000e-01 6.4078234239e-01
-8.5000000000e-01 -8.0000000000e-01 6.9588971800e-01
-8.5000000000e-01 -7.5000000000e-01 7.5197126391e-01
-8.5000000000e-01 -7.0000000000e-01 8.0852260049e-01
-8.5000000000e-01 -6.5000000000e-01 8.6499298544e-01
-8.5000000000e-01 -6.0000000000e-01 9.2079315940e-01
-8.5000000000e-01 -5.5000000000e-01 9.7530477235e-01
-8.5000000000e-01 -5.0000000000e-01 1.0278912029e+00
-8.5000000000e-01 -4.5000000000e-01 1.0779095222e+00
-8.5000000000e-01 -4.0000000000e-01 1.1247233006e+00
-8.5000000000e-01 -3.5000000000e-01 1.1677159068e+00
-8.5000000000e-01 -3.0000000000e-01 1.2063039170e+00
-8.5000000000e-01 -2.5000000000e-01 1.2399502280e+00
-8.5000000000e-01 -2.0000000000e-01 1.2681764644e+00
-8.5000000000e-01 -1.5000000000e-01 1.2905742800e+00
-8.5000000000e-01 -1.0000000000e-01 1.3068151799e+00
-8.5000000000e-01 -5.0000000000e-02 1.3166585333e+00
-8.5000000000e-01 0.0000000000e+00 1.3199575042e+00
-8.5000000000e-01 5.0000000000e-02 1.3166626955e+00
-8.5000000000e-01 1.0000000000e-01 1.3068233795e+00
-8.5000000000e-01 1.5000000000e-01 1.2905862730e+00
-8.5000000000e-01 2.0000000000e-01 1.2681918981e+00
-8.5000000000e-01 2.5000000000e-01 1.2399686563e+00
-8.5000000000e-01 3.0000000000e-01 1.2063248182e+00
-8.5000000000e-01 3.5000000000e-01 1.1677387033e+00
-8.5000000000e-01 4.0000000000e-01 1.1247473795e+00
-8.5000000000e-01 4.5000000000e-01 1.0779342554e+00
-8.5000000000e-01 5.0000000000e-01 1.0279159653e+00
-8.5000000000e-01 5.5000000000e-01 9.7532895862e-01
-8.5000000000e-01 6.0000000000e-01 9.2081619757e-01
-8.5000000000e-01 6.5000000000e-01 8.6501434860e-01
-8.5000000000e-01 7.0000000000e-01 8.0854181549e-01
-8.5000000000e-01 7.5000000000e-01 7.5198791786e-01
-8.5000000000e-01 8.0000000000e-01 6.9590346282e-01
-8.5000000000e-01 8.5000000000e-01 6.4079289761e-01
-8.5000000000e-01 9.0000000000e-01 5.8710816641e-01
-8.5000000000e-01 9.5000000000e-01 5.3524432657e-01
-8.5000000000e-01 1.0000000000e+00 4.8553689515e-01
-8.0000000000e-01 -1.0000000000e+00 5.2729242404e-01
-8.0000000000e-01 -9.5000000000e-01 5.8127072503e-01
-8.0000000000e-01 -9.0000000000e-01 6.3759092058e-01
-8.0000000000e-01 -8.5000000000e-01 6.9588906127e-01
-8.0000000000e-01 -8.0000000000e-01 7.5573635708e-01
-8.0000000000e-01 -7.5000000000e-01 8.1664212687e-01
-8.0000000000e-01 -7.0000000000e-01 8.7805860701e-01
-8.0000000000e-01 -6.5000000000e-01 9.3938764890e-01
-8.0000000000e-01 -6.0000000000e-01 9.9998925381e-01
-8.0000000000e-01 -5.5000000000e-01 1.0591918173e+00
-8.0000000000e-01 -5.0000000000e-01 1.1163038833e+00
-8.0000000000e-01 -4.5000000000e-01 1.1706271400e+00
-8.0000000000e-01 -4.0000000000e-01 1.2214703304e+00
-8.0000000000e-01 -3.5000000000e-01 1.2681636974e+00
-8.0000000000e-01 -3.0000000000e-01 1.3100735485e+00
-8.0000000000e-01 -2.5000000000e-01 1.3466164990e+00
-8.0000000000e-01 -2.0000000000e-01 1.3772729486e+00
-8.0000000000e-01 -1.5000000000e-01 1.4015993564e+00
-8.0000000000e-01 -1.0000000000e-01 1.4192389097e+00
-8.0000000000e-01 -5.0000000000e-02 1.4299302282e+00
-8.0000000000e-01 0.0000000000e+00 1.4335138057e+00
-8.0000000000e-01 5.0000000000e-02 1.4299359693e+00
-8.0000000000e-01 1.0000000000e-01 1.4192502170e+00
-8.0000000000e-01 1.5000000000e-01 1.4016158882e+00
-8.0000000000e-01 2.0000000000e-01 1.3772942122e+00
-8.0000000000e-01 2.5000000000e-01 1.3466418720e+00
-8.0000000000e-01 3.0000000000e-01 1.3101023049e+00
-8.0000000000e-01 3.5000000000e-01 1.2681950360e+00
-8.0000000000e-01 4.0000000000e-01 1.2215034035e+00
-8.0000000000e-01 4.5000000000e-01 1.1706610816e+00
-8.0000000000e-01 5.0000000000e-01 1.1163378345e+00
-8.0000000000e-01 5.5000000000e-01 1.0592249493e+00
-8.0000000000e-01 6.0000000000e-01 1.0000207864e+00
-8.0000000000e-01 6.5000000000e-01 9.3941686559e-01
-8.0000000000e-01 7.0000000000e-01 8.7808486674e-01
-8.0000000000e-01 7.5000000000e-01 8.1666487198e-01
-8.0000000000e-01 8.0000000000e-01 7.5575511878e-01
-8.0000000000e-01 8.5000000000e-01 6.9590346282e-01
-8.0000000000e-01 9.0000000000e-01 6.3760067893e-01
-8.0000000000e-01 9.5000000000e-01 5.8127565141e-01
-8.0000000000e-01 1.0000000000e+00 5.2729242404e-01
-7.5000000000e-01 -1.0000000000e+00 5.6978282473e-01
-7.5000000000e-01 -9.5000000000e-01 6.2811235709e-01
-7.5000000000e-01 -9.0000000000e-01 6.8897221066e-01
-7.5000000000e-01 -8.5000000000e-01 7.5196938688e-01
-7.5000000000e-01 -8.0000000000e-01 8.1664071668e-01
-7.5000000000e-01 -7.5000000000e-01 8.8245606966e-01
-7.5000000000e-01 -7.0000000000e-01 9.4882357586e-01
-7.5000000000e-01 -6.5000000000e-01 1.0150968825e+00
-7.5000000000e-01 -6.0000000000e-01 1.0805843896e+00
-7.5000000000e-01 -5.5000000000e-01 1.1445603282e+00
-7.5000000000e-01 -5.0000000000e-01 1.2062774670e+00
-7.5000000000e-01 -4.5000000000e-01 1.2649811595e+00
-7.5000000000e-01 -4.0000000000e-01 1.3199243781e+00
-7.5000000000e-01 -3.5000000000e-01 1.3703833257e+00
-7.5000000000e-01 -3.0000000000e-01 1.4156731765e+00
-7.5000000000e-01 -2.5000000000e-01 1.4551634680e+00
-7.5000000000e-01 -2.0000000000e-01 1.4882926657e+00
-7.5000000000e-01 -1.5000000000e-01 1.5145814284e+00
-7.5000000000e-01 -1.0000000000e-01 1.5336441380e+00
-7.5000000000e-01 -5.0000000000e-02 1.5451983059e+00
-7.5000000000e-01 0.0000000000e+00 1.5490715352e+00
-7.5000000000e-01 5.0000000000e-02 1.5452058006e+00
-7.5000000000e-01 1.0000000000e-01 1.5336588945e+00
-7.5000000000e-01 1.5000000000e-01 1.5146029919e+00
-7.5000000000e-01 2.0000000000e-01 1.4883203816e+00
-7.5000000000e-01 2.5000000000e-01 1.4551965118e+00
-7.5000000000e-01 3.0000000000e-01 1.4157105896e+00
-7.5000000000e-01 3.5000000000e-01 1.3704240541e+00
-7.5000000000e-01 4.0000000000e-01 1.3199673114e+00
-7.5000000000e-01 4.5000000000e-01 1.2650251682e+00
-7.5000000000e-01 5.0000000000e-01 1.2063214360e+00
-7.5000000000e-01 5.5000000000e-01 1.1446031862e+00
-7.5000000000e-01 6.0000000000e-01 1.0806251330e+00
-7.5000000000e-01 6.5000000000e-01 1.0151345938e+00
-7.5000000000e-01 7.0000000000e-01 9.4885743793e-01
-7.5000000000e-01 7.5000000000e-01 8.8248537467e-01
-7.5000000000e-01 8.0000000000e-01 8.1666487198e-01
-7.5000000000e-01 8.5000000000e-01 7.5198791786e-01
-7.5000000000e-01 9.0000000000e-01 6.8898476175e-01
-7.5000000000e-01 9.5000000000e-01 6.2811869171e-01
-7.5000000000e-01 1.0000000000e+00 5.6978282473e-01
-7.0000000000e-01 -1.0000000000e+00 6.1262639418e-01
-7.0000000000e-01 -9.5000000000e-01 6.7534449621e-01
-7.0000000000e-01 -9.0000000000e-01 7.4078273905e-01
-7.0000000000e-01 -8.5000000000e-01 8.0851879956e-01
-7.0000000000e-01 -8.0000000000e-01 8.7805484322e-01
-7.0000000000e-01 -7.5000000000e-01 9.4882098033e-01
-7.0000000000e-01 -7.0000000000e-01 1.0201808928e+00
-7.0000000000e-01 -6.5000000000e-01 1.0914396487e+00
-7.0000000000e-01 -6.0000000000e-01 1.1618536427e+00
-7.0000000000e-01 -5.5000000000e-01 1.2306425143e+00
-7.0000000000e-01 -5.0000000000e-01 1.2970028153e+00
-7.0000000000e-01 -4.5000000000e-01 1.3601231174e+00
-7.0000000000e-01 -4.0000000000e-01 1.4192001791e+00
-7.0000000000e-01 -3.5000000000e-01 1.4734557341e+00
-7.0000000000e-01 -3.0000000000e-01 1.5221534167e+00
-7.0000000000e-01 -2.5000000000e-01 1.5646153130e+00
-7.0000000000e-01 -2.0000000000e-01 1.6002376212e+00
-7.0000000000e-01 -1.5000000000e-01 1.6285049151e+00
-7.0000000000e-01 -1.0000000000e-01 1.6490025411e+00
-7.0000000000e-01 -5.0000000000e-02 1.6614267326e+00
-7.0000000000e-01 0.0000000000e+00 1.6655920962e+00
-7.0000000000e-01 5.0000000000e-02 1.6614362142e+00
-7.0000000000e-01 1.0000000000e-01 1.6490212016e+00
-7.0000000000e-01 1.5000000000e-01 1.6285321649e+00
-7.0000000000e-01 2.0000000000e-01 1.6002726138e+00
-7.0000000000e-01 2.5000000000e-01 1.5646569861e+00
-7.0000000000e-01 3.0000000000e-01 1.5222005404e+00
-7.0000000000e-01 3.5000000000e-01 1.4735069627e+00
-7.0000000000e-01 4.0000000000e-01 1.4192541022e+00
-7.0000000000e-01 4.5000000000e-01 1.3601783082e+00
-7.0000000000e-01 5.0000000000e-01 1.2970578734e+00
-7.0000000000e-01 5.5000000000e-01 1.2306961020e+00
-7.0000000000e-01 6.0000000000e-01 1.1619045142e+00
-7.0000000000e-01 6.5000000000e-01 1.0914866719e+00
-7.0000000000e-01 7.0000000000e-01 1.0202230650e+00
-7.0000000000e-01 7.5000000000e-01 9.4885743793e-01
-7.0000000000e-01 8.0000000000e-01 8.7808486674e-01
-7.0000000000e-01 8.5000000000e-01 8.0854181550e-01
-7.0000000000e-01 9.0000000000e-01 7.4079831946e-01
-7.0000000000e-01 9.5000000000e-01 6.7535235718e-01
-7.0000000000e-01 1.0000000000e+00 6.1262639418e-01
-6.5000000000e-01 -1.0000000000e+00 6.5540625433e-01
-6.5000000000e-01 -9.5000000000e-01 7.2250730748e-01
-6.5000000000e-01 -9.0000000000e-01 7.9251790441e-01
-6.5000000000e-01 -8.5000000000e-01 8.6498641972e-01
-6.5000000000e-01 -8.0000000000e-01 9.3938040038e-01
-6.5000000000e-01 -7.5000000000e-01 1.0150902642e+00
-6.5000000000e-01 -7.0000000000e-01 1.0914353259e+00
-6.5000000000e-01 -6.5000000000e-01 1.1676721648e+00
-6.5000000000e-01 -6.0000000000e-01 1.2430052668e+00
-6.5000000000e-01 -5.5000000000e-01 1.3165997806e+00
-6.5000000000e-01 -5.0000000000e-01 1.3875961444e+00
-6.5000000000e-01 -4.5000000000e-01 1.4551262518e+00
-6.5000000000e-01 -4.0000000000e-01 1.5183307504e+00
-6.5000000000e-01 -3.5000000000e-01 1.5763770048e+00
-6.5000000000e-01 -3.0000000000e-01 1.6284772046e+00
-6.5000000000e-01 -2.5000000000e-01 1.6739060726e+00
-6.5000000000e-01 -2.0000000000e-01 1.7120176183e+00
-6.5000000000e-01 -1.5000000000e-01 1.7422603970e+00
-6.5000000000e-01 -1.0000000000e-01 1.7641907725e+00
-6.5000000000e-01 -5.0000000000e-02 1.7774837364e+00
-6.5000000000e-01 0.0000000000e+00 1.7819409177e+00
-6.5000000000e-01 5.0000000000e-02 1.7774955075e+00
-6.5000000000e-01 1.0000000000e-01 1.7642139265e+00
-6.5000000000e-01 1.5000000000e-01 1.7422941795e+00
-6.5000000000e-01 2.0000000000e-01 1.7120609499e+00
-6.5000000000e-01 2.5000000000e-01 1.6739576050e+00
-6.5000000000e-01 3.0000000000e-01 1.6285353848e+00
-6.5000000000e-01 3.5000000000e-01 1.5764401440e+00
-6.5000000000e-01 4.0000000000e-01 1.5183970900e+00
-6.5000000000e-01 4.5000000000e-01 1.4551940250e+00
-6.5000000000e-01 5.0000000000e-01 1.3876636293e+00
-6.5000000000e-01 5.5000000000e-01 1.3166653439e+00
-6.5000000000e-01 6.0000000000e-01 1.2430673985e+00
-6.5000000000e-01 6.5000000000e-01 1.1677295027e+00
-6.5000000000e-01 7.0000000000e-01 1.0914866719e+00
-6.5000000000e-01 7.5000000000e-01 1.0151345938e+00
-6.5000000000e-01 8.0000000000e-01 9.3941686560e-01
-6.5000000000e-01 8.5000000000e-01 8.6501434861e-01
-6.5000000000e-01 9.0000000000e-01 7.9253679808e-01
-6.5000000000e-01 9.5000000000e-01 7.2251683627e-01
-6.5000000000e-01 1.0000000000e+00 6.5540625433e-01
-6.0000000000e-01 -1.0000000000e+00 6.9767632607e-01
-6.0000000000e-01 -9.5000000000e-01 7.6910878891e-01
-6.0000000000e-01 -9.0000000000e-01 8.4363782951e-01
-6.0000000000e-01 -8.5000000000e-01 9.2078285687e-01
-6.0000000000e-01 -8.0000000000e-01 9.9997720753e-01
-6.0000000000e-01 -7.5000000000e-01 1.0805720833e+00
-6.0000000000e-01 -7.0000000000e-01 1.1618429696e+00
-6.0000000000e-01 -6.5000000000e-01 1.2429985481e+00
-6.0000000000e-01 -6.0000000000e-01 1.3231920294e+00
-6.0000000000e-01 -5.5000000000e-01 1.4015347377e+00
-6.0000000000e-01 -5.0000000000e-01 1.4771116838e+00
-6.0000000000e-01 -4.5000000000e-01 1.5489987770e+00
-6.0000000000e-01 -4.0000000000e-01 1.6162812420e+00
-6.0000000000e-01 -3.5000000000e-01 1.6780727411e+00
-6.0000000000e-01 -3.0000000000e-01 1.7335346518e+00
-6.0000000000e-01 -2.5000000000e-01 1.7818949163e+00
-6.0000000000e-01 -2.0000000000e-01 1.8224658753e+00
-6.0000000000e-01 -1.5000000000e-01 1.8546605097e+00
-6.0000000000e-01 -1.0000000000e-01 1.8780065560e+00
-6.0000000000e-01 -5.0000000000e-02 1.8921580222e+00
-6.0000000000e-01 0.0000000000e+00 1.8969037126e+00
-6.0000000000e-01 5.0000000000e-02 1.8921724709e+00
-6.0000000000e-01 1.0000000000e-01 1.8780349579e+00
-6.0000000000e-01 1.5000000000e-01 1.8547019043e+00
-6.0000000000e-01 2.0000000000e-01 1.8225188946e+00
-6.0000000000e-01 2.5000000000e-01 1.7819578607e+00
-6.0000000000e-01 3.0000000000e-01 1.7336055774e+00
-6.0000000000e-01 3.5000000000e-01 1.6781495494e+00
-6.0000000000e-01 4.0000000000e-01 1.6163617650e+00
-6.0000000000e-01 4.5000000000e-01 1.5490808547e+00
-6.0000000000e-01 5.0000000000e-01 1.4771932285e+00
-6.0000000000e-01 5.5000000000e-01 1.4016137866e+00
-6.0000000000e-01 6.0000000000e-01 1.3232667834e+00
-6.0000000000e-01 6.5000000000e-01 1.2430673985e+00
-6.0000000000e-01 7.0000000000e-01 1.1619045142e+00
-6.0000000000e-01 7.5000000000e-01 1.0806251330e+00
-6.0000000000e-01 8.0000000000e-01 1.0000207864e+00
-6.0000000000e-01 8.5000000000e-01 9.2081619757e-01
-6.0000000000e-01 9.0000000000e-01 8.4366036615e-01
-6.0000000000e-01 9.5000000000e-01 7.6912014940e-01
-6.0000000000e-01 1.0000000000e+00 6.9767632607e-01
-5.5000000000e-01 -1.0000000000e+00 7.3896848826e-01
-5.5000000000e-01 -9.5000000000e-01 8.1463264929e-01
-5.5000000000e-01 -9.0000000000e-01 8.9357599805e-01
-5.5000000000e-01 -8.5000000000e-01 9.7528964016e-01
-5.5000000000e-01 -8.0000000000e-01 1.0591734896e+00
-5.5000000000e-01 -7.5000000000e-01 1.1445404408e+00
-5.5000000000e-01 -7.0000000000e-01 1.2306231699e+00
-5.5000000000e-01 -6.5000000000e-01 1.3165835786e+00
-5.5000000000e-01 -6.0000000000e-01 1.4015248016e+00
-5.5000000000e-01 -5.5000000000e-01 1.4845055982e+00
-5.5000000000e-01 -5.0000000000e-01 1.5645568508e+00
-5.5000000000e-01 -4.5000000000e-01 1.6406997979e+00
-5.5000000000e-01 -4.0000000000e-01 1.7119655422e+00
-5.5000000000e-01 -3.5000000000e-01 1.7774153070e+00
-5.5000000000e-01 -3.0000000000e-01 1.8361608536e+00
-5.5000000000e-01 -2.5000000000e-01 1.8873844474e+00
-5.5000000000e-01 -2.0000000000e-01 1.9303577443e+00
-5.5000000000e-01 -1.5000000000e-01 1.9644589912e+00
-5.5000000000e-01 -1.0000000000e-01 1.9891879729e+00
-5.5000000000e-01 -5.0000000000e-02 2.0041782054e+00
-5.5000000000e-01 0.0000000000e+00 2.0092059621e+00
-5.5000000000e-01 5.0000000000e-02 2.0041958273e+00
-5.5000000000e-01 1.0000000000e-01 1.9892225832e+00
-5.5000000000e-01 1.5000000000e-01 1.9645093661e+00
-5.5000000000e-01 2.0000000000e-01 1.9304221506e+00
-5.5000000000e-01 2.5000000000e-01 1.8874607476e+00
-5.5000000000e-01 3.0000000000e-01 1.8362466232e+00
-5.5000000000e-01 3.5000000000e-01 1.7775079520e+00
-5.5000000000e-01 4.0000000000e-01 1.7120624090e+00
-5.5000000000e-01 4.5000000000e-01 1.6407982676e+00
-5.5000000000e-01 5.0000000000e-01 1.5646544183e+00
-5.5000000000e-01 5.5000000000e-01 1.4845999318e+00
-5.5000000000e-01 6.0000000000e-01 1.4016137866e+00
-5.5000000000e-01 6.5000000000e-01 1.3166653439e+00
-5.5000000000e-01 7.0000000000e-01 1.2306961020e+00
-5.5000000000e-01 7.5000000000e-01 1.1446031862e+00
-5.5000000000e-01 8.0000000000e-01 1.0592249493e+00
-5.5000000000e-01 8.5000000000e-01 9.7532895861e-01
-5.5000000000e-01 9.0000000000e-01 8.9360254972e-01
-5.5000000000e-01 9.5000000000e-01 8.1464602582e-01
-5.5000000000e-01 1.0000000000e+00 7.3896848826e-01
-5.0000000000e-01 -1.0000000000e+00 7.7880078307e-01
-5.0000000000e-01 -9.5000000000e-01 8.5854734897e-01
-5.0000000000e-01 -9.0000000000e-01 9.4174917028e-01
-5.0000000000e-01 -8.5000000000e-01 1.0278700436e+00
-5.0000000000e-01 -8.0000000000e-01 1.1162776382e+00
-5.0000000000e-01 -7.5000000000e-01 1.2062478956e+00
-5.0000000000e-01 -7.0000000000e-01 1.2969722003e+00
-5.0000000000e-01 -6.5000000000e-01 1.3875673355e+00
-5.0000000000e-01 -6.0000000000e-01 1.4770881415e+00
-5.0000000000e-01 -5.5000000000e-01 1.5645426850e+00
-5.0000000000e-01 -5.0000000000e-01 1.6489096501e+00
-5.0000000000e-01 -4.5000000000e-01 1.7291575552e+00
-5.0000000000e-01 -4.0000000000e-01 1.8042653153e+00
-5.0000000000e-01 -3.5000000000e-01 1.8732435904e+00
-5.0000000000e-01 -3.0000000000e-01 1.9351563041e+00
-5.0000000000e-01 -2.5000000000e-01 1.9891416847e+00
-5.0000000000e-01 -2.0000000000e-01 2.0344321670e+00
-5.0000000000e-01 -1.5000000000e-01 2.0703725152e+00
-5.0000000000e-01 -1.0000000000e-01 2.0964355691e+00
-5.0000000000e-01 -5.0000000000e-02 2.1122350862e+00
-5.0000000000e-01 0.0000000000e+00 2.1175352491e+00
-5.0000000000e-01 5.0000000000e-02 2.1122565151e+00
-5.0000000000e-01 1.0000000000e-01 2.0964776113e+00
-5.0000000000e-01 1.5000000000e-01 2.0704336036e+00
-5.0000000000e-01 2.0000000000e-01 2.0345100978e+00
-5.0000000000e-01 2.5000000000e-01 1.9892337653e+00
-5.0000000000e-01 3.0000000000e-01 1.9352595115e+00
-5.0000000000e-01 3.5000000000e-01 1.8733547262e+00
-5.0000000000e-01 4.0000000000e-01 1.8043811444e+00
-5.0000000000e-01 4.5000000000e-01 1.7292749222e+00
-5.0000000000e-01 5.0000000000e-01 1.6490255718e+00
-5.0000000000e-01 5.5000000000e-01 1.5646544183e+00
-5.0000000000e-01 6.0000000000e-01 1.4771932285e+00
-5.0000000000e-01 6.5000000000e-01 1.3876636293e+00
-5.0000000000e-01 7.0000000000e-01 1.2970578734e+00
-5.0000000000e-01 7.5000000000e-01 1.2063214360e+00
-5.0000000000e-01 8.0000000000e-01 1.1163378345e+00
-5.0000000000e-01 8.5000000000e-01 1.0279159653e+00
-5.0000000000e-01 9.0000000000e-01 9.4178014531e-01
-5.0000000000e-01 9.5000000000e-01 8.5856294290e-01
-5.0000000000e-01 1.0000000000e+00 7.7880078307e-01
-4.5000000000e-01 -1.0000000000e+00 8.1668648260e-01
-4.5000000000e-01 -9.5000000000e-01 9.0031609554e-01
-4.5000000000e-01 -9.0000000000e-01 9.8756834921e-01
-4.5000000000e-01 -8.5000000000e-01 1.0778810584e+00
-4.5000000000e-01 -8.0000000000e-01 1.1705912182e+00
-4.5000000000e-01 -7.5000000000e-01 1.2649396216e+00
-4.5000000000e-01 -7.0000000000e-01 1.3600783818e+00
-4.5000000000e-01 -6.5000000000e-01 1.4550813755e+00
-4.5000000000e-01 -6.0000000000e-01 1.5489575187e+00
-4.5000000000e-01 -5.5000000000e-01 1.6406666769e+00
-4.5000000000e-01 -5.0000000000e-01 1.7291379029e+00
-4.5000000000e-01 -4.5000000000e-01 1.8132895914e+00
-4.5000000000e-01 -4.0000000000e-01 1.8920510419e+00
-4.5000000000e-01 -3.5000000000e-01 1.9643848469e+00
-4.5000000000e-01 -3.0000000000e-01 2.0293094584e+00
-4.5000000000e-01 -2.5000000000e-01 2.0859212502e+00
-4.5000000000e-01 -2.0000000000e-01 2.1334153858e+00
-4.5000000000e-01 -1.5000000000e-01 2.1711048157e+00
-4.5000000000e-01 -1.0000000000e-01 2.1984367792e+00
-4.5000000000e-01 -5.0000000000e-02 2.2150062582e+00
-4.5000000000e-01 0.0000000000e+00 2.2205659328e+00
-4.5000000000e-01 5.0000000000e-02 2.2150323094e+00
-4.5000000000e-01 1.0000000000e-01 2.1984878205e+00
-4.5000000000e-01 1.5000000000e-01 2.1711788211e+00
-4.5000000000e-01 2.0000000000e-01 2.1335095341e+00
-4.5000000000e-01 2.5000000000e-01 2.0860321340e+00
-4.5000000000e-01 3.0000000000e-01 2.0294333020e+00
-4.5000000000e-01 3.5000000000e-01 1.9645177086e+00
-4.5000000000e-01 4.0000000000e-01 1.8921889885e+00
-4.5000000000e-01 4.5000000000e-01 1.8134288389e+00
-4.5000000000e-01 5.0000000000e-01 1.7292749221e+00
-4.5000000000e-01 5.5000000000e-01 1.6407982676e+00
-4.5000000000e-01 6.0000000000e-01 1.5490808547e+00
-4.5000000000e-01 6.5000000000e-01 1.4551940250e+00
-4.5000000000e-01 7.0000000000e-01 1.3601783082e+00
-4.5000000000e-01 7.5000000000e-01 1.2650251682e+00
-4.5000000000e-01 8.0000000000e-01 1.1706610816e+00
-4.5000000000e-01 8.5000000000e-01 1.0779342554e+00
-4.5000000000e-01 9.0000000000e-01 9.8760418201e-01
-4.5000000000e-01 9.5000000000e-01 9.0033411972e-01
-4.5000000000e-01 1.0000000000e+00 8.1668648260e-01
-4.0000000000e-01 -1.0000000000e+00 8.5214378897e-01
-4.0000000000e-01 -9.5000000000e-01 9.3940754214e-01
-4.0000000000e-01 -9.0000000000e-01 1.0304505199e+00
-4.0000000000e-01 -8.5000000000e-01 1.1246862094e+00
-4.0000000000e-01 -8.0000000000e-01 1.2214228899e+00
-4.0000000000e-01 -7.5000000000e-01 1.3198684551e+00
-4.0000000000e-01 -7.0000000000e-01 1.4191382657e+00
-4.0000000000e-01 -6.5000000000e-01 1.5182660482e+00
-4.0000000000e-01 -6.0000000000e-01 1.6162177484e+00
-4.0000000000e-01 -5.5000000000e-01 1.7119081345e+00
-4.0000000000e-01 -5.0000000000e-01 1.8042198274e+00
-4.0000000000e-01 -4.5000000000e-01 1.8920243315e+00
-4.0000000000e-01 -4.0000000000e-01 1.9742045356e+00
-4.0000000000e-01 -3.5000000000e-01 2.0496780744e+00
-4.0000000000e-01 -3.0000000000e-01 2.1174208754e+00
-4.0000000000e-01 -2.5000000000e-01 2.1764901794e+00
-4.0000000000e-01 -2.0000000000e-01 2.2260463109e+00
-4.0000000000e-01 -1.5000000000e-01 2.2653724934e+00
-4.0000000000e-01 -1.0000000000e-01 2.2938920522e+00
-4.0000000000e-01 -5.0000000000e-02 2.3111824287e+00
-4.0000000000e-01 0.0000000000e+00 2.3169855418e+00
-4.0000000000e-01 5.0000000000e-02 2.3112141634e+00
-4.0000000000e-01 1.0000000000e-01 2.2939541187e+00
-4.0000000000e-01 1.5000000000e-01 2.2654622373e+00
-4.0000000000e-01 2.0000000000e-01 2.2261600839e+00
-4.0000000000e-01 2.5000000000e-01 2.1766236422e+00
-4.0000000000e-01 3.0000000000e-01 2.1175692969e+00
-4.0000000000e-01 3.5000000000e-01 2.0498365952e+00
-4.0000000000e-01 4.0000000000e-01 1.9743683840e+00
-4.0000000000e-01 4.5000000000e-01 1.8921889885e+00
-4.0000000000e-01 5.0000000000e-01 1.8043811444e+00
-4.0000000000e-01 5.5000000000e-01 1.7120624090e+00
-4.0000000000e-01 6.0000000000e-01 1.6163617650e+00
-4.0000000000e-01 6.5000000000e-01 1.5183970900e+00
-4.0000000000e-01 7.0000000000e-01 1.4192541022e+00
-4.0000000000e-01 7.5000000000e-01 1.3199673113e+00
-4.0000000000e-01 8.0000000000e-01 1.2215034035e+00
-4.0000000000e-01 8.5000000000e-01 1.1247473795e+00
-4.0000000000e-01 9.0000000000e-01 1.0304916549e+00
-4.0000000000e-01 9.5000000000e-01 9.3942821213e-01
-4.0000000000e-01 1.0000000000e+00 8.5214378897e-01
-3.5000000000e-01 -1.0000000000e+00 8.8470590494e-01
-3.5000000000e-01 -9.5000000000e-01 9.7530689734e-01
-3.5000000000e-01 -9.0000000000e-01 1.0698308424e+00
-3.5000000000e-01 -8.5000000000e-01 1.1676688686e+00
-3.5000000000e-01 -8.0000000000e-01 1.2681028714e+00
-3.5000000000e-01 -7.5000000000e-01 1.3703105258e+00
-3.5000000000e-01 -7.0000000000e-01 1.4733734414e+00
-3.5000000000e-01 -6.5000000000e-01 1.5762884791e+00
-3.5000000000e-01 -6.0000000000e-01 1.6779821352e+00
-3.5000000000e-01 -5.5000000000e-01 1.7773277785e+00
-3.5000000000e-01 -5.0000000000e-01 1.8731654091e+00
-3.5000000000e-01 -4.5000000000e-01 1.9643234933e+00
-3.5000000000e-01 -4.0000000000e-01 2.0496423260e+00
-3.5000000000e-01 -3.5000000000e-01 2.1279982869e+00
-3.5000000000e-01 -3.0000000000e-01 2.1983282894e+00
-3.5000000000e-01 -2.5000000000e-01 2.2596536835e+00
-3.5000000000e-01 -2.0000000000e-01 2.3111028575e+00
-3.5000000000e-01 -1.5000000000e-01 2.3519318042e+00
-3.5000000000e-01 -1.0000000000e-01 2.3815419620e+00
-3.5000000000e-01 -5.0000000000e-02 2.3994947276e+00
-3.5000000000e-01 0.0000000000e+00 2.4055221595e+00
-3.5000000000e-01 5.0000000000e-02 2.3995335486e+00
-3.5000000000e-01 1.0000000000e-01 2.3816177079e+00
-3.5000000000e-01 1.5000000000e-01 2.3520409349e+00
-3.5000000000e-01 2.0000000000e-01 2.3112405944e+00
-3.5000000000e-01 2.5000000000e-01 2.2598144566e+00
-3.5000000000e-01 3.0000000000e-01 2.1985061481e+00
-3.5000000000e-01 3.5000000000e-01 2.1281872384e+00
-3.5000000000e-01 4.0000000000e-01 2.0498365952e+00
-3.5000000000e-01 4.5000000000e-01 1.9645177086e+00
-3.5000000000e-01 5.0000000000e-01 1.8733547262e+00
-3.5000000000e-01 5.5000000000e-01 1.7775079520e+00
-3.5000000000e-01 6.0000000000e-01 1.6781495494e+00
-3.5000000000e-01 6.5000000000e-01 1.5764401439e+00
-3.5000000000e-01 7.0000000000e-01 1.4735069627e+00
-3.5000000000e-01 7.5000000000e-01 1.3704240541e+00
-3.5000000000e-01 8.0000000000e-01 1.2681950360e+00
-3.5000000000e-01 8.5000000000e-01 1.1677387032e+00
-3.5000000000e-01 9.0000000000e-01 1.0698777095e+00
-3.5000000000e-01 9.5000000000e-01 9.7533041813e-01
-3.5000000000e-01 1.0000000000e+00 8.8470590494e-01
-3.0000000000e-01 -1.0000000000e+00 9.1393118527e-01
-3.0000000000e-01 -9.5000000000e-01 1.0075271274e+00
-3.0000000000e-01 -9.0000000000e-01 1.1051749482e+00
-3.0000000000e-01 -8.5000000000e-01 1.2062456812e+00
-3.0000000000e-01 -8.0000000000e-01 1.3099975233e+00
-3.0000000000e-01 -7.5000000000e-01 1.4155810186e+00
-3.0000000000e-01 -7.0000000000e-01 1.5220474847e+00
-3.0000000000e-01 -6.5000000000e-01 1.6283607027e+00
-3.0000000000e-01 -6.0000000000e-01 1.7334117758e+00
-3.0000000000e-01 -5.5000000000e-01 1.8360369347e+00
-3.0000000000e-01 -5.0000000000e-01 1.9350379491e+00
-3.0000000000e-01 -4.5000000000e-01 2.0292046839e+00
-3.0000000000e-01 -4.0000000000e-01 2.1173392354e+00
-3.0000000000e-01 -3.5000000000e-01 2.1982809907e+00
-3.0000000000e-01 -3.0000000000e-01 2.2709318902e+00
-3.0000000000e-01 -2.5000000000e-01 2.3342811258e+00
-3.0000000000e-01 -2.0000000000e-01 2.3874284964e+00
-3.0000000000e-01 -1.5000000000e-01 2.4296056531e+00
-3.0000000000e-01 -1.0000000000e-01 2.4601945136e+00
-3.0000000000e-01 -5.0000000000e-02 2.4787422015e+00
-3.0000000000e-01 0.0000000000e+00 2.4849719982e+00
-3.0000000000e-01 5.0000000000e-02 2.4787900049e+00
-3.0000000000e-01 1.0000000000e-01 2.4602874793e+00
-3.0000000000e-01 1.5000000000e-01 2.4297389490e+00
-3.0000000000e-01 2.0000000000e-01 2.3875957671e+00
-3.0000000000e-01 2.5000000000e-01 2.3344751601e+00
-3.0000000000e-01 3.0000000000e-01 2.2711451788e+00
-3.0000000000e-01 3.5000000000e-01 2.1985061481e+00
-3.0000000000e-01 4.0000000000e-01 2.1175692969e+00
-3.0000000000e-01 4.5000000000e-01 2.0294333020e+00
-3.0000000000e-01 5.0000000000e-01 1.9352595115e+00
-3.0000000000e-01 5.5000000000e-01 1.8362466231e+00
-3.0000000000e-01 6.0000000000e-01 1.7336055774e+00
-3.0000000000e-01 6.5000000000e-01 1.6285353848e+00
-3.0000000000e-01 7.0000000000e-01 1.5222005404e+00
-3.0000000000e-01 7.5000000000e-01 1.4157105896e+00
-3.0000000000e-01 8.0000000000e-01 1.3101023049e+00
-3.0000000000e-01 8.5000000000e-01 1.2063248182e+00
-3.0000000000e-01 9.0000000000e-01 1.1052279265e+00
-3.0000000000e-01 9.5000000000e-01 1.0075536734e+00
-3.0000000000e-01 1.0000000000e+00 9.1393118527e-01
-2.5000000000e-01 -1.0000000000e+00 9.3941306281e-01
-2.5000000000e-01 -9.5000000000e-01 1.0356199142e+00
-2.5000000000e-01 -9.0000000000e-01 1.1359909711e+00
-2.5000000000e-01 -8.5000000000e-01 1.2398797030e+00
-2.5000000000e-01 -8.0000000000e-01 1.3465236179e+00
-2.5000000000e-01 -7.5000000000e-01 1.4550495937e+00
-2.5000000000e-01 -7.0000000000e-01 1.5644825374e+00
-2.5000000000e-01 -6.5000000000e-01 1.6737573987e+00
-2.5000000000e-01 -6.0000000000e-01 1.7817344390e+00
-2.5000000000e-01 -5.5000000000e-01 1.8872175313e+00
-2.5000000000e-01 -5.0000000000e-01 1.9889751391e+00
-2.5000000000e-01 -4.5000000000e-01 2.0857635011e+00
-2.5000000000e-01 -4.0000000000e-01 2.1763514408e+00
-2.5000000000e-01 -3.5000000000e-01 2.2595461287e+00
-2.5000000000e-01 -3.0000000000e-01 2.3342190562e+00
-2.5000000000e-01 -2.5000000000e-01 2.3993314356e+00
-2.5000000000e-01 -2.0000000000e-01 2.4539582246e+00
-2.5000000000e-01 -1.5000000000e-01 2.4973099843e+00
-2.5000000000e-01 -1.0000000000e-01 2.5287518101e+00
-2.5000000000e-01 -5.0000000000e-02 2.5478186321e+00
-2.5000000000e-01 0.0000000000e+00 2.5542262920e+00
-2.5000000000e-01 5.0000000000e-02 2.5478780591e+00
-2.5000000000e-01 1.0000000000e-01 2.5288668273e+00
-2.5000000000e-01 1.5000000000e-01 2.4974738010e+00
-2.5000000000e-01 2.0000000000e-01 2.4541622407e+00
-2.5000000000e-01 2.5000000000e-01 2.3995662401e+00
-2.5000000000e-01 3.0000000000e-01 2.3344751601e+00
-2.5000000000e-01 3.5000000000e-01 2.2598144566e+00
-2.5000000000e-01 4.0000000000e-01 2.1766236422e+00
-2.5000000000e-01 4.5000000000e-01 2.0860321340e+00
-2.5000000000e-01 5.0000000000e-01 1.9892337653e+00
-2.5000000000e-01 5.5000000000e-01 1.8874607476e+00
-2.5000000000e-01 6.0000000000e-01 1.7819578607e+00
-2.5000000000e-01 6.5000000000e-01 1.6739576049e+00
-2.5000000000e-01 7.0000000000e-01 1.5646569861e+00
-2.5000000000e-01 7.5000000000e-01 1.4551965118e+00
-2.5000000000e-01 8.0000000000e-01 1.3466418720e+00
-2.5000000000e-01 8.5000000000e-01 1.2399686563e+00
-2.5000000000e-01 9.0000000000e-01 1.1360503339e+00
-2.5000000000e-01 9.5000000000e-01 1.0356495991e+00
-2.5000000000e-01 1.0000000000e+00 9.3941306281e-01
-2.0000000000e-01 -1.0000000000e+00 9.6078943915e-01
-2.0000000000e-01 -9.5000000000e-01 1.0591860286e+00
-2.0000000000e-01 -9.0000000000e-01 1.1618409381e+00
-2.0000000000e-01 -8.5000000000e-01 1.2680928387e+00
-2.0000000000e-01 -8.0000000000e-01 1.3771618488e+00
-2.0000000000e-01 -7.5000000000e-01 1.4881549829e+00
-2.0000000000e-01 -7.0000000000e-01 1.6000749991e+00
-2.0000000000e-01 -6.5000000000e-01 1.7118326775e+00
-2.0000000000e-01 -6.0000000000e-01 1.8222624319e+00
-2.0000000000e-01 -5.5000000000e-01 1.9301410218e+00
-2.0000000000e-01 -5.0000000000e-01 2.0342090049e+00
-2.0000000000e-01 -4.5000000000e-01 2.1331944480e+00
-2.0000000000e-01 -4.0000000000e-01 2.2258383004e+00
-2.0000000000e-01 -3.5000000000e-01 2.3109207453e+00
-2.0000000000e-01 -3.0000000000e-01 2.3872877727e+00
-2.0000000000e-01 -2.5000000000e-01 2.4538771769e+00
-2.0000000000e-01 -2.0000000000e-01 2.5097431625e+00
-2.0000000000e-01 -1.5000000000e-01 2.5540787560e+00
-2.0000000000e-01 -1.0000000000e-01 2.5862352332e+00
-2.0000000000e-01 -5.0000000000e-02 2.6057377790e+00
-2.0000000000e-01 0.0000000000e+00 2.6122965774e+00
-2.0000000000e-01 5.0000000000e-02 2.6058126662e+00
-2.0000000000e-01 1.0000000000e-01 2.5863790928e+00
-2.0000000000e-01 1.5000000000e-01 2.5542816934e+00
-2.0000000000e-01 2.0000000000e-01 2.5099933350e+00
-2.0000000000e-01 2.5000000000e-01 2.4541622407e+00
-2.0000000000e-01 3.0000000000e-01 2.3875957671e+00
-2.0000000000e-01 3.5000000000e-01 2.3112405944e+00
-2.0000000000e-01 4.0000000000e-01 2.2261600839e+00
-2.0000000000e-01 4.5000000000e-01 2.1335095341e+00
-2.0000000000e-01 5.0000000000e-01 2.0345100978e+00
-2.0000000000e-01 5.5000000000e-01 1.9304221505e+00
-2.0000000000e-01 6.0000000000e-01 1.8225188946e+00
-2.0000000000e-01 6.5000000000e-01 1.7120609499e+00
-2.0000000000e-01 7.0000000000e-01 1.6002726138e+00
-2.0000000000e-01 7.5000000000e-01 1.4883203816e+00
-2.0000000000e-01 8.0000000000e-01 1.3772942122e+00
-2.0000000000e-01 8.5000000000e-01 1.2681918981e+00
-2.0000000000e-01 9.0000000000e-01 1.1619067729e+00
-2.0000000000e-01 9.5000000000e-01 1.0592188593e+00
-2.0000000000e-01 1.0000000000e+00 9.6078943915e-01
-1.5000000000e-01 -1.0000000000e+00 9.7775123719e-01
-1.5000000000e-01 -9.5000000000e-01 1.0778847912e+00
-1.5000000000e-01 -9.0000000000e-01 1.1823511629e+00
-1.5000000000e-01 -8.5000000000e-01 1.2904771867e+00
-1.5000000000e-01 -8.0000000000e-01 1.4014691468e+00
-1.5000000000e-01 -7.5000000000e-01 1.5144182936e+00
-1.5000000000e-01 -7.0000000000e-01 1.6283098257e+00
-1.5000000000e-01 -6.5000000000e-01 1.7420353734e+00
-1.5000000000e-01 -6.0000000000e-01 1.8544088767e+00
-1.5000000000e-01 -5.5000000000e-01 1.9641856228e+00
-1.5000000000e-01 -5.0000000000e-01 2.0700840727e+00
-1.5000000000e-01 -4.5000000000e-01 2.1708099863e+00
-1.5000000000e-01 -4.0000000000e-01 2.2650822402e+00
-1.5000000000e-01 -3.5000000000e-01 2.3516596441e+00
-1.5000000000e-01 -3.0000000000e-01 2.4293679881e+00
-1.5000000000e-01 -2.5000000000e-01 2.4971265173e+00
-1.5000000000e-01 -2.0000000000e-01 2.5539730210e+00
-1.5000000000e-01 -1.5000000000e-01 2.5990867429e+00
-1.5000000000e-01 -1.0000000000e-01 2.6318083459e+00
-1.5000000000e-01 -5.0000000000e-02 2.6516561189e+00
-1.5000000000e-01 0.0000000000e+00 2.6583372863e+00
-1.5000000000e-01 5.0000000000e-02 2.6517523814e+00
-1.5000000000e-01 1.0000000000e-01 2.6319909423e+00
-1.5000000000e-01 1.5000000000e-01 2.5993406439e+00
-1.5000000000e-01 2.0000000000e-01 2.5542816934e+00
-1.5000000000e-01 2.5000000000e-01 2.4974738010e+00
-1.5000000000e-01 3.0000000000e-01 2.4297389490e+00
-1.5000000000e-01 3.5000000000e-01 2.3520409349e+00
-1.5000000000e-01 4.0000000000e-01 2.2654622373e+00
-1.5000000000e-01 4.5000000000e-01 2.1711788211e+00
-1.5000000000e-01 5.0000000000e-01 2.0704336036e+00
-1.5000000000e-01 5.5000000000e-01 1.9645093661e+00
-1.5000000000e-01 6.0000000000e-01 1.8547019043e+00
-1.5000000000e-01 6.5000000000e-01 1.7422941795e+00
-1.5000000000e-01 7.0000000000e-01 1.6285321649e+00
-1.5000000000e-01 7.5000000000e-01 1.5146029919e+00
-1.5000000000e-01 8.0000000000e-01 1.4016158882e+00
-1.5000000000e-01 8.5000000000e-01 1.2905862730e+00
-1.5000000000e-01 9.0000000000e-01 1.1824232489e+00
-1.5000000000e-01 9.5000000000e-01 1.0779205944e+00
-1.5000000000e-01 1.0000000000e+00 9.7775123719e-01
-1.0000000000e-01 -1.0000000000e+00 9.9004983375e-01
-1.0000000000e-01 -9.5000000000e-01 1.0914423231e+00
-1.0000000000e-01 -9.0000000000e-01 1.1972213071e+00
-1.0000000000e-01 -8.5000000000e-01 1.3067049212e+00
-1.0000000000e-01 -8.0000000000e-01 1.4190893996e+00
-1.0000000000e-01 -7.5000000000e-01 1.5334545802e+00
-1.0000000000e-01 -7.0000000000e-01 1.6487729643e+00
-1.0000000000e-01 -6.5000000000e-01 1.7639223412e+00
-1.0000000000e-01 -6.0000000000e-01 1.8777018594e+00
-1.0000000000e-01 -5.5000000000e-01 1.9888512973e+00
-1.0000000000e-01 -5.0000000000e-01 2.0960731590e+00
-1.0000000000e-01 -4.5000000000e-01 2.1980570951e+00
-1.0000000000e-01 -4.0000000000e-01 2.2935060392e+00
-1.0000000000e-01 -3.5000000000e-01 2.3811633520e+00
-1.0000000000e-01 -3.0000000000e-01 2.4598402045e+00
-1.0000000000e-01 -2.5000000000e-01 2.5284423896e+00
-1.0000000000e-01 -2.0000000000e-01 2.5859957602e+00
-1.0000000000e-01 -1.5000000000e-01 2.6316695447e+00
-1.0000000000e-01 -1.0000000000e-01 2.6647969014e+00
-1.0000000000e-01 -5.0000000000e-02 2.6848921842e+00
-1.0000000000e-01 0.0000000000e+00 2.6916640389e+00
-1.0000000000e-01 5.0000000000e-02 2.6850197504e+00
-1.0000000000e-01 1.0000000000e-01 2.6650332642e+00
-1.0000000000e-01 1.5000000000e-01 2.6319909423e+00
-1.0000000000e-01 2.0000000000e-01 2.5863790928e+00
-1.0000000000e-01 2.5000000000e-01 2.5288668273e+00
-1.0000000000e-01 3.0000000000e-01 2.4602874793e+00
-1.0000000000e-01 3.5000000000e-01 2.3816177079e+00
-1.0000000000e-01 4.0000000000e-01 2.2939541187e+00
-1.0000000000e-01 4.5000000000e-01 2.1984878205e+00
-1.0000000000e-01 5.0000000000e-01 2.0964776113e+00
-1.0000000000e-01 5.5000000000e-01 1.9892225832e+00
-1.0000000000e-01 6.0000000000e-01 1.8780349579e+00
-1.0000000000e-01 6.5000000000e-01 1.7642139265e+00
-1.0000000000e-01 7.0000000000e-01 1.6490212016e+00
-1.0000000000e-01 7.5000000000e-01 1.5336588945e+00
-1.0000000000e-01 8.0000000000e-01 1.4192502170e+00
-1.0000000000e-01 8.5000000000e-01 1.3068233795e+00
-1.0000000000e-01 9.0000000000e-01 1.1972989271e+00
-1.0000000000e-01 9.5000000000e-01 1.0914806191e+00
-1.0000000000e-01 1.0000000000e+00 9.9004983375e-01
-5.0000000000e-02 -1.0000000000e+00 9.9750312240e-01
-5.0000000000e-02 -9.5000000000e-01 1.0996583483e+00
-5.0000000000e-02 -9.0000000000e-01 1.2062318302e+00
-5.0000000000e-02 -8.5000000000e-01 1.3165363859e+00
-5.0000000000e-02 -8.0000000000e-01 1.4297622137e+00
-5.0000000000e-02 -7.5000000000e-01 1.5449822964e+00
-5.0000000000e-02 -7.0000000000e-01 1.6611615036e+00
-5.0000000000e-02 -6.5000000000e-01 1.7771693081e+00
-5.0000000000e-02 -6.0000000000e-01 1.8917959758e+00
-5.0000000000e-02 -5.5000000000e-01 2.0037719781e+00
-5.0000000000e-02 -5.0000000000e-01 2.1117902478e+00
-5.0000000000e-02 -4.5000000000e-01 2.2145307745e+00
-5.0000000000e-02 -4.0000000000e-01 2.3106869239e+00
-5.0000000000e-02 -3.5000000000e-01 2.3989927700e+00
-5.0000000000e-02 -3.0000000000e-01 2.4782506604e+00
-5.0000000000e-02 -2.5000000000e-01 2.5473581994e+00
-5.0000000000e-02 -2.0000000000e-01 2.6053338437e+00
-5.0000000000e-02 -1.5000000000e-01 2.6513403873e+00
-5.0000000000e-02 -1.0000000000e-01 2.6847058596e+00
-5.0000000000e-02 -5.0000000000e-02 2.7049420940e+00
-5.0000000000e-02 0.0000000000e+00 2.7117637135e+00
-5.0000000000e-02 5.0000000000e-02 2.7051197337e+00
-5.0000000000e-02 1.0000000000e-01 2.6850197504e+00
-5.0000000000e-02 1.5000000000e-01 2.6517523814e+00
-5.0000000000e-02 2.0000000000e-01 2.6058126662e+00
-5.0000000000e-02 2.5000000000e-01 2.5478780591e+00
-5.0000000000e-02 3.0000000000e-01 2.4787900049e+00
-5.0000000000e-02 3.5000000000e-01 2.3995335486e+00
-5.0000000000e-02 4.0000000000e-01 2.3112141634e+00
-5.0000000000e-02 4.5000000000e-01 2.2150323094e+00
-5.0000000000e-02 5.0000000000e-01 2.1122565151e+00
-5.0000000000e-02 5.5000000000e-01 2.0041958273e+00
-5.0000000000e-02 6.0000000000e-01 1.8921724709e+00
-5.0000000000e-02 6.5000000000e-01 1.7774955075e+00
-5.0000000000e-02 7.0000000000e-01 1.6614362142e+00
-5.0000000000e-02 7.5000000000e-01 1.5452058006e+00
-5.0000000000e-02 8.0000000000e-01 1.4299359693e+00
-5.0000000000e-02 8.5000000000e-01 1.3166626955e+00
-5.0000000000e-02 9.0000000000e-01 1.2063134696e+00
-5.0000000000e-02 9.5000000000e-01 1.0996981093e+00
-5.0000000000e-02 1.0000000000e+00 9.9750312240e-01
0.0000000000e+00 -1.0000000000e+00 1.0000000000e+00
0.0000000000e+00 -9.5000000000e-01 1.1024114416e+00
0.0000000000e+00 -9.0000000000e-01 1.2092495977e+00
0.0000000000e+00 -8.5000000000e-01 1.3198261191e+00
0.0000000000e+00 -8.0000000000e-01 1.4333294146e+00
0.0000000000e+00 -7.5000000000e-01 1.5488302986e+00
0.0000000000e+00 -7.0000000000e-01 1.6652911949e+00
0.0000000000e+00 -6.5000000000e-01 1.7815789114e+00
0.0000000000e+00 -6.0000000000e-01 1.8964808793e+00
0.0000000000e+00 -5.5000000000e-01 2.0087246134e+00
0.0000000000e+00 -5.0000000000e-01 2.1170000166e+00
0.0000000000e+00 -4.5000000000e-01 2.2199840252e+00
0.0000000000e+00 -4.0000000000e-01 2.3163669768e+00
0.0000000000e+00 -3.5000000000e-01 2.4048799849e+00
0.0000000000e+00 -3.0000000000e-01 2.4843225334e+00
0.0000000000e+00 -2.5000000000e-01 2.5535894581e+00
0.0000000000e+00 -2.0000000000e-01 2.6116964734e+00
0.0000000000e+00 -1.5000000000e-01 2.6578034208e+00
0.0000000000e+00 -1.0000000000e-01 2.6912344723e+00
0.0000000000e+00 -5.0000000000e-02 2.7114946114e+00
0.0000000000e+00 0.0000000000e+00 2.7182818285e+00
0.0000000000e+00 5.0000000000e-02 2.7117637135e+00
0.0000000000e+00 1.0000000000e-01 2.6916640389e+00
0.0000000000e+00 1.5000000000e-01 2.6583372863e+00
0.0000000000e+00 2.0000000000e-01 2.6122965774e+00
0.0000000000e+00 2.5000000000e-01 2.5542262920e+00
0.0000000000e+00 3.0000000000e-01 2.4849719982e+00
0.0000000000e+00 3.5000000000e-01 2.4055221595e+00
0.0000000000e+00 4.0000000000e-01 2.3169855418e+00
0.0000000000e+00 4.5000000000e-01 2.2205659328e+00
0.0000000000e+00 5.0000000000e-01 2.1175352491e+00
0.0000000000e+00 5.5000000000e-01 2.0092059621e+00
0.0000000000e+00 6.0000000000e-01 1.8969037126e+00
0.0000000000e+00 6.5000000000e-01 1.7819409177e+00
0.0000000000e+00 7.0000000000e-01 1.6655920962e+00
0.0000000000e+00 7.5000000000e-01 1.5490715352e+00
0.0000000000e+00 8.0000000000e-01 1.4335138057e+00
0.0000000000e+00 8.5000000000e-01 1.3199575042e+00
0.0000000000e+00 9.0000000000e-01 1.2093324649e+00
0.0000000000e+00 9.5000000000e-01 1.1024505501e+00
0.0000000000e+00 1.0000000000e+00 1.0000000000e+00
5.0000000000e-02 0.0000000000e+00 2.7114946114e+00
5.0000000000e-02 5.0000000000e-02 2.7049420940e+00
5.0000000000e-02 1.0000000000e-01 2.6848921842e+00
5.0000000000e-02 1.5000000000e-01 2.6516561189e+00
5.0000000000e-02 2.0000000000e-01 2.6057377790e+00
5.0000000000e-02 2.5000000000e-01 2.5478186321e+00
5.0000000000e-02 3.0000000000e-01 2.4787422015e+00
5.0000000000e-02 3.5000000000e-01 2.3994947276e+00
5.0000000000e-02 4.0000000000e-01 2.3111824287e+00
5.0000000000e-02 4.5000000000e-01 2.2150062582e+00
5.0000000000e-02 5.0000000000e-01 2.1122350862e+00
5.0000000000e-02 5.5000000000e-01 2.0041782054e+00
5.0000000000e-02 6.0000000000e-01 1.8921580221e+00
5.0000000000e-02 6.5000000000e-01 1.7774837364e+00
5.0000000000e-02 7.0000000000e-01 1.6614267326e+00
5.0000000000e-02 7.5000000000e-01 1.5451983059e+00
5.0000000000e-02 8.0000000000e-01 1.4299302282e+00
5.0000000000e-02 8.5000000000e-01 1.3166585333e+00
5.0000000000e-02 9.0000000000e-01 1.2063107615e+00
5.0000000000e-02 9.5000000000e-01 1.0996967749e+00
5.0000000000e-02 1.0000000000e+00 9.9750312240e-01
1.0000000000e-01 0.0000000000e+00 2.6912344723e+00
1.0000000000e-01 5.0000000000e-02 2.6847058596e+00
1.0000000000e-01 1.0000000000e-01 2.6647969014e+00
1.0000000000e-01 1.5000000000e-01 2.6318083459e+00
1.0000000000e-01 2.0000000000e-01 2.5862352332e+00
1.0000000000e-01 2.5000000000e-01 2.5287518101e+00
1.0000000000e-01 3.0000000000e-01 2.4601945137e+00
1.0000000000e-01 3.5000000000e-01 2.3815419620e+00
1.0000000000e-01 4.0000000000e-01 2.2938920522e+00
1.0000000000e-01 4.5000000000e-01 2.1984367792e+00
1.0000000000e-01 5.0000000000e-01 2.0964355691e+00
1.0000000000e-01 5.5000000000e-01 1.9891879729e+00
1.0000000000e-01 6.0000000000e-01 1.8780065560e+00
1.0000000000e-01 6.5000000000e-01 1.7641907725e+00
1.0000000000e-01 7.0000000000e-01 1.6490025412e+00
1.0000000000e-01 7.5000000000e-01 1.5336441381e+00
1.0000000000e-01 8.0000000000e-01 1.4192389097e+00
1.0000000000e-01 8.5000000000e-01 1.3068151799e+00
1.0000000000e-01 9.0000000000e-01 1.1972935911e+00
1.0000000000e-01 9.5000000000e-01 1.0914779896e+00
1.0000000000e-01 1.0000000000e+00 9.9004983375e-01
1.5000000000e-01 0.0000000000e+00 2.6578034208e+00
1.5000000000e-01 5.0000000000e-02 2.6513403873e+00
1.5000000000e-01 1.0000000000e-01 2.6316695447e+00
1.5000000000e-01 1.5000000000e-01 2.5990867429e+00
1.5000000000e-01 2.0000000000e-01 2.5540787560e+00
1.5000000000e-01 2.5000000000e-01 2.4973099843e+00
1.5000000000e-01 3.0000000000e-01 2.4296056531e+00
1.5000000000e-01 3.5000000000e-01 2.3519318042e+00
1.5000000000e-01 4.0000000000e-01 2.2653724935e+00
1.5000000000e-01 4.5000000000e-01 2.1711048157e+00
1.5000000000e-01 5.0000000000e-01 2.0703725152e+00
1.5000000000e-01 5.5000000000e-01 1.9644589912e+00
1.5000000000e-01 6.0000000000e-01 1.8546605097e+00
1.5000000000e-01 6.5000000000e-01 1.7422603970e+00
1.5000000000e-01 7.0000000000e-01 1.6285049151e+00
1.5000000000e-01 7.5000000000e-01 1.5145814285e+00
1.5000000000e-01 8.0000000000e-01 1.4015993564e+00
1.5000000000e-01 8.5000000000e-01 1.2905742800e+00
1.5000000000e-01 9.0000000000e-01 1.1824154423e+00
1.5000000000e-01 9.5000000000e-01 1.0779167468e+00
1.5000000000e-01 1.0000000000e+00 9.7775123719e-01
2.0000000000e-01 0.0000000000e+00 2.6116964734e+00
2.0000000000e-01 5.0000000000e-02 2.6053338437e+00
2.0000000000e-01 1.0000000000e-01 2.5859957602e+00
2.0000000000e-01 1.5000000000e-01 2.5539730210e+00
2.0000000000e-01 2.0000000000e-01 2.5097431626e+00
2.0000000000e-01 2.5000000000e-01 2.4539582246e+00
2.0000000000e-01 3.0000000000e-01 2.3874284964e+00
2.0000000000e-01 3.5000000000e-01 2.3111028575e+00
2.0000000000e-01 4.0000000000e-01 2.2260463109e+00
2.0000000000e-01 4.5000000000e-01 2.1334153858e+00
2.0000000000e-01 5.0000000000e-01 2.0344321670e+00
2.0000000000e-01 5.5000000000e-01 1.9303577443e+00
2.0000000000e-01 6.0000000000e-01 1.8224658753e+00
2.0000000000e-01 6.5000000000e-01 1.7120176182e+00
2.0000000000e-01 7.0000000000e-01 1.6002376212e+00
2.0000000000e-01 7.5000000000e-01 1.4882926657e+00
2.0000000000e-01 8.0000000000e-01 1.3772729486e+00
2.0000000000e-01 8.5000000000e-01 1.2681764644e+00
2.0000000000e-01 9.0000000000e-01 1.1618967228e+00
2.0000000000e-01 9.5000000000e-01 1.0592139049e+00
2.0000000000e-01 1.0000000000e+00 9.6078943915e-01
2.5000000000e-01 0.0000000000e+00 2.5535894581e+00
2.5000000000e-01 5.0000000000e-02 2.5473581994e+00
2.5000000000e-01 1.0000000000e-01 2.5284423896e+00
2.5000000000e-01 1.5000000000e-01 2.4971265173e+00
2.5000000000e-01 2.0000000000e-01 2.4538771769e+00
2.5000000000e-01 2.5000000000e-01 2.3993314356e+00
2.5000000000e-01 3.0000000000e-01 2.3342811258e+00
2.5000000000e-01 3.5000000000e-01 2.2596536835e+00
2.5000000000e-01 4.0000000000e-01 2.1764901794e+00
2.5000000000e-01 4.5000000000e-01 2.0859212502e+00
2.5000000000e-01 5.0000000000e-01 1.9891416847e+00
2.5000000000e-01 5.5000000000e-01 1.8873844474e+00
2.5000000000e-01 6.0000000000e-01 1.7818949163e+00
2.5000000000e-01 6.5000000000e-01 1.6739060726e+00
2.5000000000e-01 7.0000000000e-01 1.5646153130e+00
2.5000000000e-01 7.5000000000e-01 1.4551634680e+00
2.5000000000e-01 8.0000000000e-01 1.3466164990e+00
2.5000000000e-01 8.5000000000e-01 1.2399502280e+00
2.5000000000e-01 9.0000000000e-01 1.1360383285e+00
2.5000000000e-01 9.5000000000e-01 1.0356436792e+00
2.5000000000e-01 1.0000000000e+00 9.3941306281e-01
3.0000000000e-01 0.0000000000e+00 2.4843225334e+00
3.0000000000e-01 5.0000000000e-02 2.4782506604e+00
3.0000000000e-01 1.0000000000e-01 2.4598402046e+00
3.0000000000e-01 1.5000000000e-01 2.4293679881e+00
3.0000000000e-01 2.0000000000e-01 2.3872877727e+00
3.0000000000e-01 2.5000000000e-01 2.3342190562e+00
3.0000000000e-01 3.0000000000e-01 2.2709318902e+00
3.0000000000e-01 3.5000000000e-01 2.1983282894e+00
3.0000000000e-01 4.0000000000e-01 2.1174208754e+00
3.0000000000e-01 4.5000000000e-01 2.0293094584e+00
3.0000000000e-01 5.0000000000e-01 1.9351563041e+00
3.0000000000e-01 5.5000000000e-01 1.8361608536e+00
3.0000000000e-01 6.0000000000e-01 1.7335346518e+00
3.0000000000e-01 6.5000000000e-01 1.6284772046e+00
3.0000000000e-01 7.0000000000e-01 1.5221534167e+00
3.0000000000e-01 7.5000000000e-01 1.4156731764e+00
3.0000000000e-01 8.0000000000e-01 1.3100735485e+00
3.0000000000e-01 8.5000000000e-01 1.2063039170e+00
3.0000000000e-01 9.0000000000e-01 1.1052143031e+00
3.0000000000e-01 9.5000000000e-01 1.0075469537e+00
3.0000000000e-01 1.0000000000e+00 9.1393118527e-01
3.5000000000e-01 0.0000000000e+00 2.4048799849e+00
3.5000000000e-01 5.0000000000e-02 2.3989927700e+00
3.5000000000e-01 1.0000000000e-01 2.3811633520e+00
3.5000000000e-01 1.5000000000e-01 2.3516596441e+00
3.5000000000e-01 2.0000000000e-01 2.3109207453e+00
3.5000000000e-01 2.5000000000e-01 2.2595461287e+00
3.5000000000e-01 3.0000000000e-01 2.1982809907e+00
3.5000000000e-01 3.5000000000e-01 2.1279982869e+00
3.5000000000e-01 4.0000000000e-01 2.0496780744e+00
3.5000000000e-01 4.5000000000e-01 1.9643848469e+00
3.5000000000e-01 5.0000000000e-01 1.8732435904e+00
3.5000000000e-01 5.5000000000e-01 1.7774153070e+00
3.5000000000e-01 6.0000000000e-01 1.6780727411e+00
3.5000000000e-01 6.5000000000e-01 1.5763770048e+00
3.5000000000e-01 7.0000000000e-01 1.4734557341e+00
3.5000000000e-01 7.5000000000e-01 1.3703833257e+00
3.5000000000e-01 8.0000000000e-01 1.2681636974e+00
3.5000000000e-01 8.5000000000e-01 1.1677159068e+00
3.5000000000e-01 9.0000000000e-01 1.0698628425e+00
3.5000000000e-01 9.5000000000e-01 9.7532308251e-01
3.5000000000e-01 1.0000000000e+00 8.8470590494e-01
4.0000000000e-01 0.0000000000e+00 2.3163669768e+00
4.0000000000e-01 5.0000000000e-02 2.3106869239e+00
4.0000000000e-01 1.0000000000e-01 2.2935060392e+00
4.0000000000e-01 1.5000000000e-01 2.2650822402e+00
4.0000000000e-01 2.0000000000e-01 2.2258383004e+00
4.0000000000e-01 2.5000000000e-01 2.1763514408e+00
4.0000000000e-01 3.0000000000e-01 2.1173392354e+00
4.0000000000e-01 3.5000000000e-01 2.0496423260e+00
4.0000000000e-01 4.0000000000e-01 1.9742045356e+00
4.0000000000e-01 4.5000000000e-01 1.8920510418e+00
4.0000000000e-01 5.0000000000e-01 1.8042653153e+00
4.0000000000e-01 5.5000000000e-01 1.7119655422e+00
4.0000000000e-01 6.0000000000e-01 1.6162812420e+00
4.0000000000e-01 6.5000000000e-01 1.5183307504e+00
4.0000000000e-01 7.0000000000e-01 1.4192001791e+00
4.0000000000e-01 7.5000000000e-01 1.3199243780e+00
4.0000000000e-01 8.0000000000e-01 1.2214703304e+00
4.0000000000e-01 8.5000000000e-01 1.1247233006e+00
4.0000000000e-01 9.0000000000e-01 1.0304759420e+00
4.0000000000e-01 9.5000000000e-01 9.3942045643e-01
4.0000000000e-01 1.0000000000e+00 8.5214378897e-01
4.5000000000e-01 0.0000000000e+00 2.2199840252e+00
4.5000000000e-01 5.0000000000e-02 2.2145307745e+00
4.5000000000e-01 1.0000000000e-01 2.1980570952e+00
4.5000000000e-01 1.5000000000e-01 2.1708099863e+00
4.5000000000e-01 2.0000000000e-01 2.1331944480e+00
4.5000000000e-01 2.5000000000e-01 2.0857635011e+00
4.5000000000e-01 3.0000000000e-01 2.0292046839e+00
4.5000000000e-01 3.5000000000e-01 1.9643234933e+00
4.5000000000e-01 4.0000000000e-01 1.8920243315e+00
4.5000000000e-01 4.5000000000e-01 1.8132895914e+00
4.5000000000e-01 5.0000000000e-01 1.7291575552e+00
4.5000000000e-01 5.5000000000e-01 1.6406997979e+00
4.5000000000e-01 6.0000000000e-01 1.5489987770e+00
4.5000000000e-01 6.5000000000e-01 1.4551262518e+00
4.5000000000e-01 7.0000000000e-01 1.3601231174e+00
4.5000000000e-01 7.5000000000e-01 1.2649811595e+00
4.5000000000e-01 8.0000000000e-01 1.1706271400e+00
4.5000000000e-01 8.5000000000e-01 1.0779095222e+00
4.5000000000e-01 9.0000000000e-01 9.8758803214e-01
4.5000000000e-01 9.5000000000e-01 9.0032614540e-01
4.5000000000e-01 1.0000000000e+00 8.1668648260e-01
5.0000000000e-01 0.0000000000e+00 2.1170000166e+00
5.0000000000e-01 5.0000000000e-02 2.1117902478e+00
5.0000000000e-01 1.0000000000e-01 2.0960731590e+00
5.0000000000e-01 1.5000000000e-01 2.0700840727e+00
5.0000000000e-01 2.0000000000e-01 2.0342090049e+00
5.0000000000e-01 2.5000000000e-01 1.9889751391e+00
5.0000000000e-01 3.0000000000e-01 1.9350379491e+00
5.0000000000e-01 3.5000000000e-01 1.8731654091e+00
5.0000000000e-01 4.0000000000e-01 1.8042198274e+00
5.0000000000e-01 4.5000000000e-01 1.7291379029e+00
5.0000000000e-01 5.0000000000e-01 1.6489096501e+00
5.0000000000e-01 5.5000000000e-01 1.5645568508e+00
5.0000000000e-01 6.0000000000e-01 1.4771116838e+00
5.0000000000e-01 6.5000000000e-01 1.3875961445e+00
5.0000000000e-01 7.0000000000e-01 1.2970028154e+00
5.0000000000e-01 7.5000000000e-01 1.2062774670e+00
5.0000000000e-01 8.0000000000e-01 1.1163038833e+00
5.0000000000e-01 8.5000000000e-01 1.0278912029e+00
5.0000000000e-01 9.0000000000e-01 9.4176396621e-01
5.0000000000e-01 9.5000000000e-01 8.5855495120e-01
5.0000000000e-01 1.0000000000e+00 7.7880078307e-01
5.5000000000e-01 0.0000000000e+00 2.0087246134e+00
5.5000000000e-01 5.0000000000e-02 2.0037719781e+00
5.5000000000e-01 1.0000000000e-01 1.9888512973e+00
5.5000000000e-01 1.5000000000e-01 1.9641856228e+00
5.5000000000e-01 2.0000000000e-01 1.9301410218e+00
5.5000000000e-01 2.5000000000e-01 1.8872175313e+00
5.5000000000e-01 3.0000000000e-01 1.8360369347e+00
5.5000000000e-01 3.5000000000e-01 1.7773277785e+00
5.5000000000e-01 4.0000000000e-01 1.7119081345e+00
5.5000000000e-01 4.5000000000e-01 1.6406666769e+00
5.5000000000e-01 5.0000000000e-01 1.5645426850e+00
5.5000000000e-01 5.5000000000e-01 1.4845055982e+00
5.5000000000e-01 6.0000000000e-01 1.4015347377e+00
5.5000000000e-01 6.5000000000e-01 1.3165997807e+00
5.5000000000e-01 7.0000000000e-01 1.2306425143e+00
5.5000000000e-01 7.5000000000e-01 1.1445603282e+00
5.5000000000e-01 8.0000000000e-01 1.0591918173e+00
5.5000000000e-01 8.5000000000e-01 9.7530477237e-01
5.5000000000e-01 9.0000000000e-01 8.9358673736e-01
5.5000000000e-01 9.5000000000e-01 8.1463821242e-01
5.5000000000e-01 1.0000000000e+00 7.3896848826e-01
6.0000000000e-01 0.0000000000e+00 1.8964808793e+00
6.0000000000e-01 5.0000000000e-02 1.8917959758e+00
6.0000000000e-01 1.0000000000e-01 1.8777018594e+00
6.0000000000e-01 1.5000000000e-01 1.8544088767e+00
6.0000000000e-01 2.0000000000e-01 1.8222624319e+00
6.0000000000e-01 2.5000000000e-01 1.7817344390e+00
6.0000000000e-01 3.0000000000e-01 1.7334117758e+00
6.0000000000e-01 3.5000000000e-01 1.6779821352e+00
6.0000000000e-01 4.0000000000e-01 1.6162177484e+00
6.0000000000e-01 4.5000000000e-01 1.5489575187e+00
6.0000000000e-01 5.0000000000e-01 1.4770881415e+00
6.0000000000e-01 5.5000000000e-01 1.4015248016e+00
6.0000000000e-01 6.0000000000e-01 1.3231920294e+00
6.0000000000e-01 6.5000000000e-01 1.2430052669e+00
6.0000000000e-01 7.0000000000e-01 1.1618536427e+00
6.0000000000e-01 7.5000000000e-01 1.0805843896e+00
6.0000000000e-01 8.0000000000e-01 9.9998925381e-01
6.0000000000e-01 8.5000000000e-01 9.2079315941e-01
6.0000000000e-01 9.0000000000e-01 8.4364529545e-01
6.0000000000e-01 9.5000000000e-01 7.6911269987e-01
6.0000000000e-01 1.0000000000e+00 6.9767632607e-01
6.5000000000e-01 0.0000000000e+00 1.7815789114e+00
6.5000000000e-01 5.0000000000e-02 1.7771693081e+00
6.5000000000e-01 1.0000000000e-01 1.7639223412e+00
6.5000000000e-01 1.5000000000e-01 1.7420353734e+00
6.5000000000e-01 2.0000000000e-01 1.7118326775e+00
6.5000000000e-01 2.5000000000e-01 1.6737573987e+00
6.5000000000e-01 3.0000000000e-01 1.6283607027e+00
6.5000000000e-01 3.5000000000e-01 1.5762884791e+00
6.5000000000e-01 4.0000000000e-01 1.5182660481e+00
6.5000000000e-01 4.5000000000e-01 1.4550813755e+00
6.5000000000e-01 5.0000000000e-01 1.3875673355e+00
6.5000000000e-01 5.5000000000e-01 1.3165835786e+00
6.5000000000e-01 6.0000000000e-01 1.2429985481e+00
6.5000000000e-01 6.5000000000e-01 1.1676721648e+00
6.5000000000e-01 7.0000000000e-01 1.0914396487e+00
6.5000000000e-01 7.5000000000e-01 1.0150968825e+00
6.5000000000e-01 8.0000000000e-01 9.3938764891e-01
6.5000000000e-01 8.5000000000e-01 8.6499298546e-01
6.5000000000e-01 9.0000000000e-01 7.9252281533e-01
6.5000000000e-01 9.5000000000e-01 7.2250992224e-01
6.5000000000e-01 1.0000000000e+00 6.5540625433e-01
7.0000000000e-01 0.0000000000e+00 1.6652911949e+00
7.0000000000e-01 5.0000000000e-02 1.6611615036e+00
7.0000000000e-01 1.0000000000e-01 1.6487729643e+00
7.0000000000e-01 1.5000000000e-01 1.6283098257e+00
7.0000000000e-01 2.0000000000e-01 1.6000749991e+00
7.0000000000e-01 2.5000000000e-01 1.5644825374e+00
7.0000000000e-01 3.0000000000e-01 1.5220474846e+00
7.0000000000e-01 3.5000000000e-01 1.4733734414e+00
7.0000000000e-01 4.0000000000e-01 1.4191382657e+00
7.0000000000e-01 4.5000000000e-01 1.3600783818e+00
7.0000000000e-01 5.0000000000e-01 1.2969722003e+00
7.0000000000e-01 5.5000000000e-01 1.2306231699e+00
7.0000000000e-01 6.0000000000e-01 1.1618429696e+00
7.0000000000e-01 6.5000000000e-01 1.0914353259e+00
7.0000000000e-01 7.0000000000e-01 1.0201808928e+00
7.0000000000e-01 7.5000000000e-01 9.4882357586e-01
7.0000000000e-01 8.0000000000e-01 8.7805860703e-01
7.0000000000e-01 8.5000000000e-01 8.0852260052e-01
7.0000000000e-01 9.0000000000e-01 7.4078573634e-01
7.0000000000e-01 9.5000000000e-01 6.7534613335e-01
7.0000000000e-01 1.0000000000e+00 6.1262639418e-01
7.5000000000e-01 0.0000000000e+00 1.5488302986e+00
7.5000000000e-01 5.0000000000e-02 1.5449822964e+00
7.5000000000e-01 1.0000000000e-01 1.5334545802e+00
7.5000000000e-01 1.5000000000e-01 1.5144182936e+00
7.5000000000e-01 2.0000000000e-01 1.4881549829e+00
7.5000000000e-01 2.5000000000e-01 1.4550495937e+00
7.5000000000e-01 3.0000000000e-01 1.4155810186e+00
7.5000000000e-01 3.5000000000e-01 1.3703105258e+00
7.5000000000e-01 4.0000000000e-01 1.3198684551e+00
7.5000000000e-01 4.5000000000e-01 1.2649396216e+00
7.5000000000e-01 5.0000000000e-01 1.2062478956e+00
7.5000000000e-01 5.5000000000e-01 1.1445404408e+00
7.5000000000e-01 6.0000000000e-01 1.0805720834e+00
7.5000000000e-01 6.5000000000e-01 1.0150902642e+00
7.5000000000e-01 7.0000000000e-01 9.4882098034e-01
7.5000000000e-01 7.5000000000e-01 8.8245606966e-01
7.5000000000e-01 8.0000000000e-01 8.1664212689e-01
7.5000000000e-01 8.5000000000e-01 7.5197126390e-01
7.5000000000e-01 9.0000000000e-01 6.8897385083e-01
7.5000000000e-01 9.5000000000e-01 6.2811329354e-01
7.5000000000e-01 1.0000000000e+00 5.6978282473e-01
8.0000000000e-01 0.0000000000e+00 1.4333294146e+00
8.0000000000e-01 5.0000000000e-02 1.4297622137e+00
8.0000000000e-01 1.0000000000e-01 1.4190893996e+00
8.0000000000e-01 1.5000000000e-01 1.4014691468e+00
8.0000000000e-01 2.0000000000e-01 1.3771618488e+00
8.0000000000e-01 2.5000000000e-01 1.3465236179e+00
8.0000000000e-01 3.0000000000e-01 1.3099975233e+00
8.0000000000e-01 3.5000000000e-01 1.2681028714e+00
8.0000000000e-01 4.0000000000e-01 1.2214228899e+00
8.0000000000e-01 4.5000000000e-01 1.1705912182e+00
8.0000000000e-01 5.0000000000e-01 1.1162776382e+00
8.0000000000e-01 5.5000000000e-01 1.0591734896e+00
8.0000000000e-01 6.0000000000e-01 9.9997720755e-01
8.0000000000e-01 6.5000000000e-01 9.3938040039e-01
8.0000000000e-01 7.0000000000e-01 8.7805484323e-01
8.0000000000e-01 7.5000000000e-01 8.1664071669e-01
8.0000000000e-01 8.0000000000e-01 7.5573635709e-01
8.0000000000e-01 8.5000000000e-01 6.9588971800e-01
8.0000000000e-01 9.0000000000e-01 6.3759167049e-01
8.0000000000e-01 9.5000000000e-01 5.8127119349e-01
8.0000000000e-01 1.0000000000e+00 5.2729242404e-01
8.5000000000e-01 0.0000000000e+00 1.3198261191e+00
8.5000000000e-01 5.0000000000e-02 1.3165363859e+00
8.5000000000e-01 1.0000000000e-01 1.3067049212e+00
8.5000000000e-01 1.5000000000e-01 1.2904771867e+00
8.5000000000e-01 2.0000000000e-01 1.2680928387e+00
8.5000000000e-01 2.5000000000e-01 1.2398797030e+00
8.5000000000e-01 3.0000000000e-01 1.2062456812e+00
8.5000000000e-01 3.5000000000e-01 1.1676688686e+00
8.5000000000e-01 4.0000000000e-01 1.1246862094e+00
8.5000000000e-01 4.5000000000e-01 1.0778810584e+00
8.5000000000e-01 5.0000000000e-01 1.0278700436e+00
8.5000000000e-01 5.5000000000e-01 9.7528964017e-01
8.5000000000e-01 6.0000000000e-01 9.2078285688e-01
8.5000000000e-01 6.5000000000e-01 8.6498641973e-01
8.5000000000e-01 7.0000000000e-01 8.0851879956e-01
8.5000000000e-01 7.5000000000e-01 7.5196938689e-01
8.5000000000e-01 8.0000000000e-01 6.9588906127e-01
8.5000000000e-01 8.5000000000e-01 6.4078234240e-01
8.5000000000e-01 9.0000000000e-01 5.8710124634e-01
8.5000000000e-01 9.5000000000e-01 5.3524090148e-01
8.5000000000e-01 1.0000000000e+00 4.8553689515e-01
9.0000000000e-01 0.0000000000e+00 1.2092495977e+00
9.0000000000e-01 5.0000000000e-02 1.2062318302e+00
9.0000000000e-01 1.0000000000e-01 1.1972213071e+00
9.0000000000e-01 1.5000000000e-01 1.1823511629e+00
9.0000000000e-01 2.0000000000e-01 1.1618409381e+00
9.0000000000e-01 2.5000000000e-01 1.1359909711e+00
9.0000000000e-01 3.0000000000e-01 1.1051749482e+00
9.0000000000e-01 3.5000000000e-01 1.0698308424e+00
9.0000000000e-01 4.0000000000e-01 1.0304505199e+00
9.0000000000e-01 4.5000000000e-01 9.8756834923e-01
9.0000000000e-01 5.0000000000e-01 9.4174917030e-01
9.0000000000e-01 5.5000000000e-01 8.9357599807e-01
9.0000000000e-01 6.0000000000e-01 8.4363782952e-01
9.0000000000e-01 6.5000000000e-01 7.9251790441e-01
9.0000000000e-01 7.0000000000e-01 7.4078273905e-01
9.0000000000e-01 7.5000000000e-01 6.8897221067e-01
9.0000000000e-01 8.0000000000e-01 6.3759092058e-01
9.0000000000e-01 8.5000000000e-01 5.8710101201e-01
9.0000000000e-01 9.0000000000e-01 5.3791656644e-01
9.0000000000e-01 9.5000000000e-01 4.9039965488e-01
9.0000000000e-01 1.0000000000e+00 4.4485806622e-01
9.5000000000e-01 0.0000000000e+00 1.1024114416e+00
9.5000000000e-01 5.0000000000e-02 1.0996583483e+00
9.5000000000e-01 1.0000000000e-01 1.0914423231e+00
9.5000000000e-01 1.5000000000e-01 1.0778847912e+00
9.5000000000e-01 2.0000000000e-01 1.0591860286e+00
9.5000000000e-01 2.5000000000e-01 1.0356199142e+00
9.5000000000e-01 3.0000000000e-01 1.0075271274e+00
9.5000000000e-01 3.5000000000e-01 9.7530689735e-01
9.5000000000e-01 4.0000000000e-01 9.3940754214e-01
9.5000000000e-01 4.5000000000e-01 9.0031609555e-01
9.5000000000e-01 5.0000000000e-01 8.5854734898e-01
9.5000000000e-01 5.5000000000e-01 8.1463264931e-01
9.5000000000e-01 6.0000000000e-01 7.6910878892e-01
9.5000000000e-01 6.5000000000e-01 7.2250730750e-01
9.5000000000e-01 7.0000000000e-01 6.7534449623e-01
9.5000000000e-01 7.5000000000e-01 6.2811235711e-01
9.5000000000e-01 8.0000000000e-01 5.8127072505e-01
9.5000000000e-01 8.5000000000e-01 5.3524071408e-01
9.5000000000e-01 9.0000000000e-01 4.9039960803e-01
9.5000000000e-01 9.5000000000e-01 4.4707730381e-01
9.5000000000e-01 1.0000000000e+00 4.0555450506e-01
1.0000000000e+00 0.0000000000e+00 1.0000000000e+00
1.0000000000e+00 5.0000000000e-02 9.9750312240e-01
1.0000000000e+00 1.0000000000e-01 9.9004983375e-01
1.0000000000e+00 1.5000000000e-01 9.7775123719e-01
1.0000000000e+00 2.0000000000e-01 9.6078943915e-01
1.0000000000e+00 2.5000000000e-01 9.3941306281e-01
1.0000000000e+00 3.0000000000e-01 9.1393118527e-01
1.0000000000e+00 3.5000000000e-01 8.8470590494e-01
1.0000000000e+00 4.0000000000e-01 8.5214378897e-01
1.0000000000e+00 4.5000000000e-01 8.1668648260e-01
1.0000000000e+00 5.0000000000e-01 7.7880078307e-01
1.0000000000e+00 5.5000000000e-01 7.3896848826e-01
1.0000000000e+00 6.0000000000e-01 6.9767632607e-01
1.0000000000e+00 6.5000000000e-01 6.5540625433e-01
1.0000000000e+00 7.0000000000e-01 6.1262639418e-01
1.0000000000e+00 7.5000000000e-01 5.6978282473e-01
1.0000000000e+00 8.0000000000e-01 5.2729242404e-01
1.0000000000e+00 8.5000000000e-01 4.8553689515e-01
1.0000000000e+00 9.0000000000e-01 4.4485806622e-01
1.0000000000e+00 9.5000000000e-01 4.0555450506e-01
1.0000000000e+00 1.0000000000e+00 3.6787944117e-01
